https://marlows-diamonds.co.uk/all-wedding-rings,https://marlows-diamonds.co.uk/product-category/wedding-rings
https://marlows-diamonds.co.uk/arrow-earrings,https://marlows-diamonds.co.uk/product-category/diamond-jewellery/earrings
https://marlows-diamonds.co.uk/blue-diamond-rings,https://marlows-diamonds.co.uk/product-category/engagement-rings
https://marlows-diamonds.co.uk/charm-bracelet,https://marlows-diamonds.co.uk/product-category/diamond-jewellery/bracelets
https://marlows-diamonds.co.uk/charm-necklace,https://marlows-diamonds.co.uk/product-category/diamond-jewellery/necklaces
https://marlows-diamonds.co.uk/cushion-engagement-rings,https://marlows-diamonds.co.uk/product-category/engagement-rings/solitaire/solitaire-cushion
https://marlows-diamonds.co.uk/cushion-shape-diamond-rings,https://marlows-diamonds.co.uk/product-category/engagement-rings/solitaire/solitaire-cushion
https://marlows-diamonds.co.uk/diamond-bracelets,https://marlows-diamonds.co.uk/product-category/diamond-jewellery/bracelets
https://marlows-diamonds.co.uk/diamond-engagement-rings-2/multi-stone-rings,https://marlows-diamonds.co.uk/product-category/engagement-rings/multi-stone
https://marlows-diamonds.co.uk/diamond-engagement-rings/halo,https://marlows-diamonds.co.uk/product-category/engagement-rings/halo
https://marlows-diamonds.co.uk/diamond-engagement-rings/halo-rings,https://marlows-diamonds.co.uk/product-category/engagement-rings/halo
https://marlows-diamonds.co.uk/diamond-engagement-rings/halo/emerald,https://marlows-diamonds.co.uk/product-category/engagement-rings/halo/emerald
https://marlows-diamonds.co.uk/diamond-engagement-rings/halo/heart,https://marlows-diamonds.co.uk/product-category/engagement-rings/halo/heart
https://marlows-diamonds.co.uk/diamond-engagement-rings/halo/marquise,https://marlows-diamonds.co.uk/product-category/engagement-rings/halo/marquise
https://marlows-diamonds.co.uk/diamond-engagement-rings/halo/oval,https://marlows-diamonds.co.uk/product-category/engagement-rings/halo/oval
https://marlows-diamonds.co.uk/diamond-engagement-rings/halo/pear,https://marlows-diamonds.co.uk/product-category/engagement-rings/halo/pear
https://marlows-diamonds.co.uk/diamond-engagement-rings/halo/princess,https://marlows-diamonds.co.uk/product-category/engagement-rings/halo/princess-halo-rings
https://marlows-diamonds.co.uk/diamond-engagement-rings/halo/round,https://marlows-diamonds.co.uk/product-category/engagement-rings/halo/halo-round
https://marlows-diamonds.co.uk/diamond-engagement-rings/multi-stone,https://marlows-diamonds.co.uk/product-category/engagement-rings/multi-stone
https://marlows-diamonds.co.uk/diamond-engagement-rings/multi-stone-rings,https://marlows-diamonds.co.uk/product-category/engagement-rings/multi-stone
https://marlows-diamonds.co.uk/diamond-engagement-rings/plain-rings,https://marlows-diamonds.co.uk/product-category/wedding-rings
https://marlows-diamonds.co.uk/diamond-engagement-rings/shoulder-rings,https://marlows-diamonds.co.uk/product-category/engagement-rings/shoulder-set
https://marlows-diamonds.co.uk/diamond-engagement-rings/shoulder-set,https://marlows-diamonds.co.uk/product-category/engagement-rings/shoulder-set
https://marlows-diamonds.co.uk/diamond-engagement-rings/shoulder-set/emerald,https://marlows-diamonds.co.uk/product-category/engagement-rings/shoulder-set/emerald-shoulder-rings
https://marlows-diamonds.co.uk/diamond-engagement-rings/shoulder-set/heart,https://marlows-diamonds.co.uk/product-category/engagement-rings/shoulder-set/heart-shoulder-rings
https://marlows-diamonds.co.uk/diamond-engagement-rings/shoulder-set/marquise,https://marlows-diamonds.co.uk/product-category/engagement-rings/shoulder-set/marquise-shoulder-rings
https://marlows-diamonds.co.uk/diamond-engagement-rings/shoulder-set/oval,https://marlows-diamonds.co.uk/product-category/engagement-rings/shoulder-set/oval-shoulder-rings
https://marlows-diamonds.co.uk/diamond-engagement-rings/shoulder-set/pear,https://marlows-diamonds.co.uk/product-category/engagement-rings/shoulder-set/pear-shoulder-rings
https://marlows-diamonds.co.uk/diamond-engagement-rings/shoulder-set/princess,https://marlows-diamonds.co.uk/product-category/engagement-rings/shoulder-set/princess-shoulder-rings
https://marlows-diamonds.co.uk/diamond-engagement-rings/shoulder-set/round,https://marlows-diamonds.co.uk/product-category/engagement-rings/shoulder-set/round-shoulder-rings
https://marlows-diamonds.co.uk/diamond-engagement-rings/solitaire,https://marlows-diamonds.co.uk/product-category/engagement-rings/solitaire
https://marlows-diamonds.co.uk/diamond-engagement-rings/solitaire/emerald,https://marlows-diamonds.co.uk/product-category/engagement-rings/solitaire/emerald-plain-rings
https://marlows-diamonds.co.uk/diamond-engagement-rings/solitaire/heart,https://marlows-diamonds.co.uk/product-category/engagement-rings/solitaire/heart-plain-rings
https://marlows-diamonds.co.uk/diamond-engagement-rings/solitaire/marquise,https://marlows-diamonds.co.uk/product-category/engagement-rings/solitaire/marquise-plain-rings
https://marlows-diamonds.co.uk/diamond-engagement-rings/solitaire/oval,https://marlows-diamonds.co.uk/product-category/engagement-rings/solitaire/oval-plain-rings
https://marlows-diamonds.co.uk/diamond-engagement-rings/solitaire/pear,https://marlows-diamonds.co.uk/product-category/engagement-rings/solitaire/pear-plain-rings
https://marlows-diamonds.co.uk/diamond-engagement-rings/solitaire/princess,https://marlows-diamonds.co.uk/product-category/engagement-rings/solitaire/princess-plain-rings
https://marlows-diamonds.co.uk/diamond-engagement-rings/solitaire/round,https://marlows-diamonds.co.uk/product-category/engagement-rings/solitaire/round-plain-rings
https://marlows-diamonds.co.uk/product-category/diamond-jewellery,https://marlows-diamonds.co.uk/product-category/diamond-jewellery
https://marlows-diamonds.co.uk/diamond-jewellery/bracelets,https://marlows-diamonds.co.uk/product-category/diamond-jewellery/bracelets
https://marlows-diamonds.co.uk/product-category/diamond-jewellery/necklaces,https://marlows-diamonds.co.uk/product-category/diamond-jewellery/necklaces
https://marlows-diamonds.co.uk/product-category/diamond-jewellery/pendants,https://marlows-diamonds.co.uk/product-category/diamond-jewellery/pendants
https://marlows-diamonds.co.uk/diamond-necklaces,https://marlows-diamonds.co.uk/product-category/diamond-jewellery/necklaces
https://marlows-diamonds.co.uk/diamond-set,https://marlows-diamonds.co.uk/product-category/engagement-rings
https://marlows-diamonds.co.uk/diamond-set-wedding-rings,https://marlows-diamonds.co.uk/product-category/engagement-rings
https://marlows-diamonds.co.uk/diamond.html,https://marlows-diamonds.co.uk/product-category/engagement-rings
https://marlows-diamonds.co.uk/drop-earrings,https://marlows-diamonds.co.uk/product-category/diamond-jewellery/earrings
https://marlows-diamonds.co.uk/drop-necklace,https://marlows-diamonds.co.uk/product-category/diamond-jewellery/necklaces
https://marlows-diamonds.co.uk/earrings,https://marlows-diamonds.co.uk/product-category/diamond-jewellery/earrings
https://marlows-diamonds.co.uk/Earrings-are-as-ancient-as-time,https://marlows-diamonds.co.uk/product-category/diamond-jewellery/earrings
https://marlows-diamonds.co.uk/earrings-pendants,https://marlows-diamonds.co.uk/product-category/diamond-jewellery/earrings
https://marlows-diamonds.co.uk/earrings/all-products/circular-stone-set-earrings-er33.html,https://marlows-diamonds.co.uk/product-category/diamond-jewellery/earrings
https://marlows-diamonds.co.uk/earrings/all-products/diamond-dropper-earrings-er10.html,https://marlows-diamonds.co.uk/product-category/diamond-jewellery/earrings
https://marlows-diamonds.co.uk/earrings/all-products/diamond-dropper-earrings-er11.html,https://marlows-diamonds.co.uk/product-category/diamond-jewellery/earrings
https://marlows-diamonds.co.uk/earrings/all-products/diamond-dropper-earrings-er29.html,https://marlows-diamonds.co.uk/product-category/diamond-jewellery/earrings
https://marlows-diamonds.co.uk/earrings/all-products/diamond-set-dropper-earrings-er34.html,https://marlows-diamonds.co.uk/product-category/diamond-jewellery/earrings
https://marlows-diamonds.co.uk/earrings/all-products/emerald-cut-diamond-earrings-er04.html,https://marlows-diamonds.co.uk/product-category/diamond-jewellery/earrings
https://marlows-diamonds.co.uk/earrings/all-products/fancy-brilliant-cut-diamond-dropper-earrings-er13.html,https://marlows-diamonds.co.uk/product-category/diamond-jewellery/earrings
https://marlows-diamonds.co.uk/earrings/all-products/fancy-brilliant-cut-diamond-dropper-earrings-er15.html,https://marlows-diamonds.co.uk/product-category/diamond-jewellery/earrings
https://marlows-diamonds.co.uk/earrings/all-products/fancy-brilliant-cut-diamond-dropper-earrings-er21.html,https://marlows-diamonds.co.uk/product-category/diamond-jewellery/earrings
https://marlows-diamonds.co.uk/earrings/all-products/fancy-diamond-dropper-earrings-er25.html,https://marlows-diamonds.co.uk/product-category/diamond-jewellery/earrings
https://marlows-diamonds.co.uk/earrings/all-products/fancy-round-brilliant-cut-diamond-earrings-er08.html,https://marlows-diamonds.co.uk/product-category/diamond-jewellery/earrings
https://marlows-diamonds.co.uk/earrings/all-products/fancy-stone-set-earrings-er30.html,https://marlows-diamonds.co.uk/product-category/diamond-jewellery/earrings
https://marlows-diamonds.co.uk/earrings/all-products/fancy-stone-set-earrings-er36.html,https://marlows-diamonds.co.uk/product-category/diamond-jewellery/earrings
https://marlows-diamonds.co.uk/earrings/all-products/fancy-swirl-design-earrings-er35.html,https://marlows-diamonds.co.uk/product-category/diamond-jewellery/earrings
https://marlows-diamonds.co.uk/earrings/all-products/fancy-swirl-design-earrings-er37.html,https://marlows-diamonds.co.uk/product-category/diamond-jewellery/earrings
https://marlows-diamonds.co.uk/earrings/all-products/figure-of-eight-stone-set-earrings-er31.html,https://marlows-diamonds.co.uk/product-category/diamond-jewellery/earrings
https://marlows-diamonds.co.uk/earrings/all-products/oval-stone-set-earrings-er38.html,https://marlows-diamonds.co.uk/product-category/diamond-jewellery/earrings
https://marlows-diamonds.co.uk/earrings/all-products/pear-cut-diamond-earrings-er05.html,https://marlows-diamonds.co.uk/product-category/diamond-jewellery/earrings
https://marlows-diamonds.co.uk/earrings/all-products/princess-cut-diamond-earrings-er03.html,https://marlows-diamonds.co.uk/product-category/diamond-jewellery/earrings
https://marlows-diamonds.co.uk/earrings/all-products/round-brilliant-cut-diamond-dropper-earrings-er12.html,https://marlows-diamonds.co.uk/product-category/diamond-jewellery/earrings
https://marlows-diamonds.co.uk/earrings/all-products/round-brilliant-cut-diamond-dropper-earrings-er14.html,https://marlows-diamonds.co.uk/product-category/diamond-jewellery/earrings
https://marlows-diamonds.co.uk/earrings/all-products/round-brilliant-cut-diamond-dropper-earrings-er17.html,https://marlows-diamonds.co.uk/product-category/diamond-jewellery/earrings
https://marlows-diamonds.co.uk/earrings/all-products/round-brilliant-cut-diamond-dropper-earrings-er18.html,https://marlows-diamonds.co.uk/product-category/diamond-jewellery/earrings
https://marlows-diamonds.co.uk/earrings/all-products/round-brilliant-cut-diamond-earrings-er01.html,https://marlows-diamonds.co.uk/product-category/diamond-jewellery/earrings
https://marlows-diamonds.co.uk/earrings/all-products/round-brilliant-cut-diamond-earrings-er02.html,https://marlows-diamonds.co.uk/product-category/diamond-jewellery/earrings
https://marlows-diamonds.co.uk/earrings/all-products/stone-set-swirl-earrings-er32.html,https://marlows-diamonds.co.uk/product-category/diamond-jewellery/earrings
https://marlows-diamonds.co.uk/earrings/all-products/two-stone-diamond-dropper-earrings-er06.html,https://marlows-diamonds.co.uk/product-category/diamond-jewellery/earrings
https://marlows-diamonds.co.uk/earrings/earring-category-list,https://marlows-diamonds.co.uk/product-category/diamond-jewellery/earrings
https://marlows-diamonds.co.uk/emerald-cut-diamond-earrings,https://marlows-diamonds.co.uk/product-category/diamond-jewellery/earrings
https://marlows-diamonds.co.uk/emerald-cut-diamond-engagement-rings,https://marlows-diamonds.co.uk/product-category/engagement-rings/solitaire/emerald-plain-rings
https://marlows-diamonds.co.uk/emerald-cut-engagement-rings,https://marlows-diamonds.co.uk/product-category/engagement-rings/solitaire/emerald-plain-rings
https://marlows-diamonds.co.uk/emerald-cut-rings,https://marlows-diamonds.co.uk/product-category/engagement-rings/solitaire/emerald-plain-rings
https://marlows-diamonds.co.uk/emerlad-cut-diamond-pendant,https://marlows-diamonds.co.uk/product-category/diamond-jewellery/pendants
https://marlows-diamonds.co.uk/engagement-rings/emerald-cut-rings,https://marlows-diamonds.co.uk/product-category/engagement-rings/solitaire/emerald-plain-rings
https://marlows-diamonds.co.uk/engagement-rings/emerald-cut-rings/emeral-cut-designer-ring-jem31844.html,https://marlows-diamonds.co.uk/product-category/engagement-rings/solitaire/emerald-plain-rings
https://marlows-diamonds.co.uk/engagement-rings/emerald-cut-rings/emerald-cut-designer-ring-jem32464.html,https://marlows-diamonds.co.uk/product-category/engagement-rings/solitaire/emerald-plain-rings
https://marlows-diamonds.co.uk/engagement-rings/emerald-cut-rings/emerald-cut-designer-ring-jem33573.html,https://marlows-diamonds.co.uk/product-category/engagement-rings/solitaire/emerald-plain-rings
https://marlows-diamonds.co.uk/engagement-rings/emerald-cut-rings/emerald-cut-diamond-engagement-ring-jem56.html,https://marlows-diamonds.co.uk/product-category/engagement-rings/solitaire/emerald-plain-rings
https://marlows-diamonds.co.uk/engagement-rings/emerald-cut-rings/emerald-cut-diamond-engagement-ring-jem57.html,https://marlows-diamonds.co.uk/product-category/engagement-rings/solitaire/emerald-plain-rings
https://marlows-diamonds.co.uk/engagement-rings/emerald-cut-rings/emerald-cut-diamond-engagement-ring-jem64.html,https://marlows-diamonds.co.uk/product-category/engagement-rings/solitaire/emerald-plain-rings
https://marlows-diamonds.co.uk/product-category/engagement-rings/halo,https://marlows-diamonds.co.uk/product-category/engagement-rings/halo
https://marlows-diamonds.co.uk/engagement-rings/halo-rings,https://marlows-diamonds.co.uk/product-category/engagement-rings/halo
https://marlows-diamonds.co.uk/engagement-rings/halo/emerald,https://marlows-diamonds.co.uk/product-category/engagement-rings/halo/emerald
https://marlows-diamonds.co.uk/engagement-rings/halo/marquise,https://marlows-diamonds.co.uk/product-category/engagement-rings/halo/marquise
https://marlows-diamonds.co.uk/engagement-rings/halo/oval,https://marlows-diamonds.co.uk/product-category/engagement-rings/halo/oval
https://marlows-diamonds.co.uk/engagement-rings/halo/princess,https://marlows-diamonds.co.uk/product-category/engagement-rings/halo/princess-halo-rings
https://marlows-diamonds.co.uk/engagement-rings/halo/round,https://marlows-diamonds.co.uk/product-category/engagement-rings/halo/halo-round
https://marlows-diamonds.co.uk/engagement-rings/heart-cut-rings,https://marlows-diamonds.co.uk/product-category/engagement-rings/shoulder-set/heart-shoulder-rings
https://marlows-diamonds.co.uk/engagement-rings/heart-cut-rings/heart-cut-diamond-engagement-ring-jem80.html,https://marlows-diamonds.co.uk/product-category/engagement-rings/shoulder-set/heart-shoulder-rings
https://marlows-diamonds.co.uk/engagement-rings/marquise-cut-rings,https://marlows-diamonds.co.uk/product-category/engagement-rings/halo/marquise
https://marlows-diamonds.co.uk/engagement-rings/marquise-cut-rings/marquise-cut-diamond-engagement-ring-jem65.html,https://marlows-diamonds.co.uk/product-category/engagement-rings/halo/marquise
https://marlows-diamonds.co.uk/engagement-rings/marquise-cut-rings/marquise-cut-diamond-engagement-ring-jem66.html,https://marlows-diamonds.co.uk/product-category/engagement-rings/halo/marquise
https://marlows-diamonds.co.uk/engagement-rings/marquise-cut-rings/marquise-cut-diamond-engagement-ring-jem67.html,https://marlows-diamonds.co.uk/product-category/engagement-rings/halo/marquise
https://marlows-diamonds.co.uk/product-category/engagement-rings/multi-stone,https://marlows-diamonds.co.uk/product-category/engagement-rings/multi-stone
https://marlows-diamonds.co.uk/engagement-rings/multi-stone-rings,https://marlows-diamonds.co.uk/product-category/engagement-rings/multi-stone
https://marlows-diamonds.co.uk/engagement-rings/oval-cut-rings,https://marlows-diamonds.co.uk/product-category/engagement-rings/shoulder-set/oval-shoulder-rings
https://marlows-diamonds.co.uk/engagement-rings/oval-cut-rings/oval-cut-diamond-engagement-ring-jem70.html,https://marlows-diamonds.co.uk/product-category/engagement-rings/shoulder-set/oval-shoulder-rings
https://marlows-diamonds.co.uk/engagement-rings/oval-cut-rings/oval-cut-diamond-engagement-ring-jem75.html,https://marlows-diamonds.co.uk/product-category/engagement-rings/shoulder-set/oval-shoulder-rings
https://marlows-diamonds.co.uk/engagement-rings/pear-cut-rings,https://marlows-diamonds.co.uk/product-category/engagement-rings/solitaire/pear-plain-rings
https://marlows-diamonds.co.uk/engagement-rings/pear-cut-rings/pear-cut-diamond-engagement-ring-jem78.html,https://marlows-diamonds.co.uk/product-category/engagement-rings/solitaire/pear-plain-rings
https://marlows-diamonds.co.uk/engagement-rings/pear-cut-rings/pear-cut-diamond-engagement-ring-jem79.html,https://marlows-diamonds.co.uk/product-category/engagement-rings/solitaire/pear-plain-rings
https://marlows-diamonds.co.uk/engagement-rings/princess-cut-rings,https://marlows-diamonds.co.uk/product-category/engagement-rings/shoulder-set/princess-shoulder-rings
https://marlows-diamonds.co.uk/engagement-rings/princess-cut-rings/princess-cut-designer-ring-jem35556.html,https://marlows-diamonds.co.uk/product-category/engagement-rings/shoulder-set/princess-shoulder-rings
https://marlows-diamonds.co.uk/engagement-rings/princess-cut-rings/princess-cut-designer-ring-jem36069.html,https://marlows-diamonds.co.uk/product-category/engagement-rings/shoulder-set/princess-shoulder-rings
https://marlows-diamonds.co.uk/engagement-rings/princess-cut-rings/princess-cut-designer-ring-jem36563.html,https://marlows-diamonds.co.uk/product-category/engagement-rings/shoulder-set/princess-shoulder-rings
https://marlows-diamonds.co.uk/engagement-rings/princess-cut-rings/princess-cut-designer-ring-jem39906.html,https://marlows-diamonds.co.uk/product-category/engagement-rings/shoulder-set/princess-shoulder-rings
https://marlows-diamonds.co.uk/engagement-rings/princess-cut-rings/princess-cut-diamond-engagement-ring-jem39.html,https://marlows-diamonds.co.uk/product-category/engagement-rings/shoulder-set/princess-shoulder-rings
https://marlows-diamonds.co.uk/engagement-rings/princess-cut-rings/princess-cut-diamond-engagement-ring-jem41.html,https://marlows-diamonds.co.uk/product-category/engagement-rings/shoulder-set/princess-shoulder-rings
https://marlows-diamonds.co.uk/engagement-rings/princess-cut-rings/princess-cut-diamond-engagement-ring-jem42.html,https://marlows-diamonds.co.uk/product-category/engagement-rings/shoulder-set/princess-shoulder-rings
https://marlows-diamonds.co.uk/engagement-rings/princess-cut-rings/princess-cut-diamond-engagement-ring-jem44.html,https://marlows-diamonds.co.uk/product-category/engagement-rings/shoulder-set/princess-shoulder-rings
https://marlows-diamonds.co.uk/engagement-rings/princess-cut-rings/princess-cut-diamond-engagement-ring-jem45.html,https://marlows-diamonds.co.uk/product-category/engagement-rings/halo/princess-halo-rings
https://marlows-diamonds.co.uk/engagement-rings/princess-cut-rings/princess-cut-diamond-engagement-ring-jem46.html,https://marlows-diamonds.co.uk/product-category/engagement-rings/halo/princess-halo-rings
https://marlows-diamonds.co.uk/engagement-rings/princess-cut-rings/princess-cut-diamond-engagement-ring-jem47.html,https://marlows-diamonds.co.uk/product-category/engagement-rings/halo/princess-halo-rings
https://marlows-diamonds.co.uk/engagement-rings/princess-cut-rings/princess-cut-diamond-engagement-ring-jem49.html,https://marlows-diamonds.co.uk/product-category/engagement-rings/halo/princess-halo-rings
https://marlows-diamonds.co.uk/engagement-rings/princess-cut-rings/princess-cut-diamond-engagement-ring-jem51.html,https://marlows-diamonds.co.uk/product-category/engagement-rings/halo/princess-halo-rings
https://marlows-diamonds.co.uk/engagement-rings/princess-cut-rings/princess-cut-diamond-engagement-ring-jem84.html,https://marlows-diamonds.co.uk/product-category/engagement-rings/halo/princess-halo-rings
https://marlows-diamonds.co.uk/engagement-rings/princess-cut-rings/princess-cut-diamond-engagement-ring-jem86.html,https://marlows-diamonds.co.uk/product-category/engagement-rings/halo/princess-halo-rings
https://marlows-diamonds.co.uk/engagement-rings/round-brilliant-rings,https://marlows-diamonds.co.uk/product-category/engagement-rings/solitaire/round-plain-rings
https://marlows-diamonds.co.uk/engagement-rings/round-brilliant-rings/brand-new-beautiful-diamond-set-shoulders-with-a-fantastic-ronund-brilliant-diamond-of-your-choice-in-the-centre.html,https://marlows-diamonds.co.uk/product-category/engagement-rings/shoulder-set
https://marlows-diamonds.co.uk/engagement-rings/round-brilliant-rings/brilliant-cut-designer-ring-jem20809.html,https://marlows-diamonds.co.uk/product-category/engagement-rings/solitaire/round-plain-rings
https://marlows-diamonds.co.uk/engagement-rings/round-brilliant-rings/brilliant-cut-designer-ring-jem31740.html,https://marlows-diamonds.co.uk/product-category/engagement-rings/solitaire/round-plain-rings
https://marlows-diamonds.co.uk/engagement-rings/round-brilliant-rings/brilliant-cut-designer-ring-jem32452.html,https://marlows-diamonds.co.uk/product-category/engagement-rings/solitaire/round-plain-rings
https://marlows-diamonds.co.uk/engagement-rings/round-brilliant-rings/brilliant-cut-designer-ring-jem32457.html,https://marlows-diamonds.co.uk/product-category/engagement-rings/solitaire/round-plain-rings
https://marlows-diamonds.co.uk/engagement-rings/round-brilliant-rings/brilliant-cut-designer-ring-jem32532.html,https://marlows-diamonds.co.uk/product-category/engagement-rings/solitaire/round-plain-rings
https://marlows-diamonds.co.uk/engagement-rings/round-brilliant-rings/brilliant-cut-designer-ring-jem33376.html,https://marlows-diamonds.co.uk/product-category/engagement-rings/solitaire/round-plain-rings
https://marlows-diamonds.co.uk/engagement-rings/round-brilliant-rings/brilliant-cut-designer-ring-jem33572.html,https://marlows-diamonds.co.uk/product-category/engagement-rings/solitaire/round-plain-rings
https://marlows-diamonds.co.uk/engagement-rings/round-brilliant-rings/brilliant-cut-designer-ring-jem33665.html,https://marlows-diamonds.co.uk/product-category/engagement-rings/solitaire/round-plain-rings
https://marlows-diamonds.co.uk/engagement-rings/round-brilliant-rings/brilliant-cut-designer-ring-jem35153.html,https://marlows-diamonds.co.uk/product-category/engagement-rings/solitaire/round-plain-rings
https://marlows-diamonds.co.uk/engagement-rings/round-brilliant-rings/brilliant-cut-designer-ring-jem35239.html,https://marlows-diamonds.co.uk/product-category/engagement-rings/shoulder-set/round-shoulder-rings
https://marlows-diamonds.co.uk/engagement-rings/round-brilliant-rings/brilliant-cut-designer-ring-jem35288.html,https://marlows-diamonds.co.uk/product-category/engagement-rings/shoulder-set/round-shoulder-rings
https://marlows-diamonds.co.uk/engagement-rings/round-brilliant-rings/brilliant-cut-designer-ring-jem352886.html,https://marlows-diamonds.co.uk/product-category/engagement-rings/shoulder-set/round-shoulder-rings
https://marlows-diamonds.co.uk/engagement-rings/round-brilliant-rings/brilliant-cut-designer-ring-jem35733.html,https://marlows-diamonds.co.uk/product-category/engagement-rings/shoulder-set/round-shoulder-rings
https://marlows-diamonds.co.uk/engagement-rings/round-brilliant-rings/brilliant-cut-designer-ring-jem37252.html,https://marlows-diamonds.co.uk/product-category/engagement-rings/shoulder-set/round-shoulder-rings
https://marlows-diamonds.co.uk/engagement-rings/round-brilliant-rings/brilliant-cut-designer-ring-jem37446.html,https://marlows-diamonds.co.uk/product-category/engagement-rings/shoulder-set/round-shoulder-rings
https://marlows-diamonds.co.uk/engagement-rings/round-brilliant-rings/brilliant-cut-designer-ring-jem37583.html,https://marlows-diamonds.co.uk/product-category/engagement-rings/halo/halo-round
https://marlows-diamonds.co.uk/engagement-rings/round-brilliant-rings/brilliant-cut-designer-ring-jem375836.html,https://marlows-diamonds.co.uk/product-category/engagement-rings/halo/halo-round
https://marlows-diamonds.co.uk/engagement-rings/round-brilliant-rings/brilliant-cut-designer-ring-jem40172.html,https://marlows-diamonds.co.uk/product-category/engagement-rings/halo/halo-round
https://marlows-diamonds.co.uk/engagement-rings/round-brilliant-rings/brilliant-cut-designer-ring-jem40571.html,https://marlows-diamonds.co.uk/product-category/engagement-rings/halo/halo-round
https://marlows-diamonds.co.uk/engagement-rings/round-brilliant-rings/brilliant-cut-designer-ring-jem40679.html,https://marlows-diamonds.co.uk/product-category/engagement-rings/halo/halo-round
https://marlows-diamonds.co.uk/engagement-rings/round-brilliant-rings/brilliant-cut-designer-ring-jem40681.html,https://marlows-diamonds.co.uk/product-category/engagement-rings/halo/halo-round
https://marlows-diamonds.co.uk/engagement-rings/round-brilliant-rings/brilliant-cut-designer-ring-jem41921.html,https://marlows-diamonds.co.uk/product-category/engagement-rings/halo/halo-round
https://marlows-diamonds.co.uk/engagement-rings/round-brilliant-rings/jemz.html,https://marlows-diamonds.co.uk/product-category/engagement-rings/halo/halo-round
https://marlows-diamonds.co.uk/engagement-rings/round-brilliant-rings/princess-cut-designer-ring-jem36069.html,https://marlows-diamonds.co.uk/product-category/engagement-rings/halo/princess-halo-rings
https://marlows-diamonds.co.uk/engagement-rings/round-brilliant-rings/round-brilliant-cut-diamond-engagement-ring-jem01.html,https://marlows-diamonds.co.uk/product-category/engagement-rings/multi-stone/halo-round-1
https://marlows-diamonds.co.uk/engagement-rings/round-brilliant-rings/round-brilliant-cut-diamond-engagement-ring-jem02.html,https://marlows-diamonds.co.uk/product-category/engagement-rings/multi-stone/halo-round-1
https://marlows-diamonds.co.uk/engagement-rings/round-brilliant-rings/round-brilliant-cut-diamond-engagement-ring-jem03.html,https://marlows-diamonds.co.uk/product-category/engagement-rings/multi-stone/halo-round-1
https://marlows-diamonds.co.uk/engagement-rings/round-brilliant-rings/round-brilliant-cut-diamond-engagement-ring-jem05.html,https://marlows-diamonds.co.uk/product-category/engagement-rings/multi-stone/halo-round-1
https://marlows-diamonds.co.uk/engagement-rings/round-brilliant-rings/round-brilliant-cut-diamond-engagement-ring-jem07.html,https://marlows-diamonds.co.uk/product-category/engagement-rings/multi-stone/halo-round-1
https://marlows-diamonds.co.uk/engagement-rings/round-brilliant-rings/round-brilliant-cut-diamond-engagement-ring-jem08.html,https://marlows-diamonds.co.uk/product-category/engagement-rings/multi-stone/halo-round-1
https://marlows-diamonds.co.uk/engagement-rings/round-brilliant-rings/round-brilliant-cut-diamond-engagement-ring-jem09.html,https://marlows-diamonds.co.uk/product-category/engagement-rings/multi-stone/halo-round-1
https://marlows-diamonds.co.uk/engagement-rings/round-brilliant-rings/round-brilliant-cut-diamond-engagement-ring-jem10.html,https://marlows-diamonds.co.uk/product-category/engagement-rings/solitaire/round-plain-rings
https://marlows-diamonds.co.uk/engagement-rings/round-brilliant-rings/round-brilliant-cut-diamond-engagement-ring-jem12.html,https://marlows-diamonds.co.uk/product-category/engagement-rings/solitaire/round-plain-rings
https://marlows-diamonds.co.uk/engagement-rings/round-brilliant-rings/round-brilliant-cut-diamond-engagement-ring-jem13.html,https://marlows-diamonds.co.uk/product-category/engagement-rings/solitaire/round-plain-rings
https://marlows-diamonds.co.uk/engagement-rings/round-brilliant-rings/round-brilliant-cut-diamond-engagement-ring-jem14.html,https://marlows-diamonds.co.uk/product-category/engagement-rings/solitaire/round-plain-rings
https://marlows-diamonds.co.uk/engagement-rings/round-brilliant-rings/round-brilliant-cut-diamond-engagement-ring-jem15.html,https://marlows-diamonds.co.uk/product-category/engagement-rings/solitaire/round-plain-rings
https://marlows-diamonds.co.uk/engagement-rings/round-brilliant-rings/round-brilliant-cut-diamond-engagement-ring-jem17.html,https://marlows-diamonds.co.uk/product-category/engagement-rings/solitaire/round-plain-rings
https://marlows-diamonds.co.uk/engagement-rings/round-brilliant-rings/round-brilliant-cut-diamond-engagement-ring-jem26.html,https://marlows-diamonds.co.uk/product-category/engagement-rings/solitaire/round-plain-rings
https://marlows-diamonds.co.uk/engagement-rings/round-brilliant-rings/round-brilliant-cut-diamond-engagement-ring-jem30.html,https://marlows-diamonds.co.uk/product-category/engagement-rings/solitaire/round-plain-rings
https://marlows-diamonds.co.uk/engagement-rings/round-brilliant-rings/round-brilliant-cut-diamond-engagement-ring-jem32.html,https://marlows-diamonds.co.uk/product-category/engagement-rings/solitaire/round-plain-rings
https://marlows-diamonds.co.uk/engagement-rings/round-brilliant-rings/round-brilliant-cut-diamond-engagement-ring-jem81.html,https://marlows-diamonds.co.uk/product-category/engagement-rings/solitaire/round-plain-rings
https://marlows-diamonds.co.uk/engagement-rings/round-brilliant-rings/round-cut-designer-ring-jem40680.html,https://marlows-diamonds.co.uk/product-category/engagement-rings/solitaire/round-plain-rings
https://marlows-diamonds.co.uk/engagement-rings/shoulder-rings,https://marlows-diamonds.co.uk/product-category/engagement-rings/shoulder-set
https://marlows-diamonds.co.uk/product-category/engagement-rings/shoulder-set,https://marlows-diamonds.co.uk/product-category/engagement-rings/shoulder-set
https://marlows-diamonds.co.uk/engagement-rings/shoulder-set/emerald,https://marlows-diamonds.co.uk/product-category/engagement-rings/shoulder-set/emerald-shoulder-rings
https://marlows-diamonds.co.uk/engagement-rings/shoulder-set/heart,https://marlows-diamonds.co.uk/product-category/engagement-rings/shoulder-set/heart-shoulder-rings
https://marlows-diamonds.co.uk/engagement-rings/shoulder-set/marquise,https://marlows-diamonds.co.uk/product-category/engagement-rings/shoulder-set/marquise-shoulder-rings
https://marlows-diamonds.co.uk/engagement-rings/shoulder-set/oval,https://marlows-diamonds.co.uk/product-category/engagement-rings/shoulder-set/oval-shoulder-rings
https://marlows-diamonds.co.uk/engagement-rings/shoulder-set/pear,https://marlows-diamonds.co.uk/product-category/engagement-rings/shoulder-set/pear-shoulder-rings
https://marlows-diamonds.co.uk/engagement-rings/shoulder-set/princess,https://marlows-diamonds.co.uk/product-category/engagement-rings/shoulder-set/princess-shoulder-rings
https://marlows-diamonds.co.uk/engagement-rings/shoulder-set/round,https://marlows-diamonds.co.uk/product-category/engagement-rings/shoulder-set/round-shoulder-rings
https://marlows-diamonds.co.uk/product-category/engagement-rings/solitaire,https://marlows-diamonds.co.uk/product-category/engagement-rings/solitaire
https://marlows-diamonds.co.uk/engagement-rings/solitaire/emerald,https://marlows-diamonds.co.uk/product-category/engagement-rings/solitaire/emerald-plain-rings
https://marlows-diamonds.co.uk/engagement-rings/solitaire/heart,https://marlows-diamonds.co.uk/product-category/engagement-rings/solitaire/heart-plain-rings
https://marlows-diamonds.co.uk/engagement-rings/solitaire/marquise,https://marlows-diamonds.co.uk/product-category/engagement-rings/solitaire/marquise-plain-rings
https://marlows-diamonds.co.uk/engagement-rings/solitaire/oval,https://marlows-diamonds.co.uk/product-category/engagement-rings/solitaire/oval-plain-rings
https://marlows-diamonds.co.uk/engagement-rings/solitaire/pear,https://marlows-diamonds.co.uk/product-category/engagement-rings/solitaire/pear-plain-rings
https://marlows-diamonds.co.uk/engagement-rings/solitaire/princess,https://marlows-diamonds.co.uk/product-category/engagement-rings/solitaire/princess-plain-rings
https://marlows-diamonds.co.uk/engagement-rings/solitaire/round,https://marlows-diamonds.co.uk/product-category/engagement-rings/solitaire/round-plain-rings
https://marlows-diamonds.co.uk/product-category/eternity-rings,https://marlows-diamonds.co.uk/product-category/eternity-rings
https://marlows-diamonds.co.uk/eternity-rings/eternity-ring-category-list,https://marlows-diamonds.co.uk/product-category/eternity-rings
https://marlows-diamonds.co.uk/eternity-rings/full-eternity-rings,https://marlows-diamonds.co.uk/product-category/eternity-rings
https://marlows-diamonds.co.uk/eternity-rings/full-eternity-rings/full-princess-cut-diamond-eternity-band-et01.html,https://marlows-diamonds.co.uk/product-category/eternity-rings
https://marlows-diamonds.co.uk/eternity-rings/full-eternity-rings/full-round-brilliant-cut-diamond-eternity-ring-et07.html,https://marlows-diamonds.co.uk/product-category/eternity-rings
https://marlows-diamonds.co.uk/eternity-rings/full-eternity-rings/full-round-brilliant-cut-diamond-eternity-ring-et08.html,https://marlows-diamonds.co.uk/product-category/eternity-rings
https://marlows-diamonds.co.uk/eternity-rings/full-eternity-rings/round-brilliant-cut-diamond-full-eternity-band-et02.html,https://marlows-diamonds.co.uk/product-category/eternity-rings
https://marlows-diamonds.co.uk/eternity-rings/half-eternity-rings,https://marlows-diamonds.co.uk/product-category/eternity-rings
https://marlows-diamonds.co.uk/eternity-rings/half-eternity-rings/a-beautiful-half-eternity-ring-with-diamonds-set-in-60-of-the-ring.html,https://marlows-diamonds.co.uk/product-category/eternity-rings
https://marlows-diamonds.co.uk/eternity-rings/half-eternity-rings/five-stone-round-brilliant-cut-diamond-eternity-et10.html,https://marlows-diamonds.co.uk/product-category/eternity-rings
https://marlows-diamonds.co.uk/eternity-rings/half-eternity-rings/princess-and-emerald-cut-diamond-eternity-ring-et12.html,https://marlows-diamonds.co.uk/product-category/eternity-rings
https://marlows-diamonds.co.uk/eternity-rings/half-eternity-rings/princess-cut-diamond-half-eternity-band-et05.html,https://marlows-diamonds.co.uk/product-category/eternity-rings
https://marlows-diamonds.co.uk/eternity-rings/half-eternity-rings/princess-cut-diamond-set-half-eternity-ring-cet2.html,https://marlows-diamonds.co.uk/product-category/eternity-rings
https://marlows-diamonds.co.uk/eternity-rings/half-eternity-rings/round-brilliant-cut-diamond-set-half-eternity-ring-et09.html,https://marlows-diamonds.co.uk/product-category/eternity-rings
https://marlows-diamonds.co.uk/eternity-rings/half-eternity-rings/round-brilliant-cut-half-eternity-ring.html,https://marlows-diamonds.co.uk/product-category/eternity-rings
https://marlows-diamonds.co.uk/eternity-rings/half-eternity-rings/seven-stone-round-brilliant-cut-diamond-eternity-ring-et11.html,https://marlows-diamonds.co.uk/product-category/eternity-rings
https://marlows-diamonds.co.uk/exclusive,https://marlows-diamonds.co.uk/product-category/diamond-jewellery/exclusive-to-marlows
https://marlows-diamonds.co.uk/gitprojects/marlows-diamond/public/app-products/details/mens-diamond-wedding-ring-wed024,https://marlows-diamonds.co.uk/product-category/wedding-rings/mens
https://marlows-diamonds.co.uk/gitprojects/marlows-diamond/public/app-products/mens-diamond-wedding-ring-wed024,https://marlows-diamonds.co.uk/product-category/wedding-rings/mens
https://marlows-diamonds.co.uk/gitprojects/marlows-diamond/public/p/bracelets,https://marlows-diamonds.co.uk/product-category/diamond-jewellery/bracelets
https://marlows-diamonds.co.uk/gitprojects/marlows-diamond/public/p/detail/classic-diamond-bracelet-d-s017,https://marlows-diamonds.co.uk/product-category/diamond-jewellery/bracelets
https://marlows-diamonds.co.uk/gitprojects/marlows-diamond/public/p/detail/classic-diamond-bracelet-round-cut-ds013,https://marlows-diamonds.co.uk/product-category/diamond-jewellery/bracelets
https://marlows-diamonds.co.uk/gitprojects/marlows-diamond/public/p/detail/diamond-bracelet-trilogy-style-d-s006,https://marlows-diamonds.co.uk/product-category/diamond-jewellery/bracelets
https://marlows-diamonds.co.uk/gitprojects/marlows-diamond/public/p/diamond-jewellery,https://marlows-diamonds.co.uk/product-category/diamond-jewellery
https://marlows-diamonds.co.uk/gitprojects/marlows-diamond/public/p/wedding-rings,https://marlows-diamonds.co.uk/product-category/wedding-rings
https://marlows-diamonds.co.uk/gitprojects/marlows-diamond/public/product-category/diamond-jewellery,https://marlows-diamonds.co.uk/product-category/diamond-jewellery
https://marlows-diamonds.co.uk/gitprojects/marlows-diamond/public/product-category/diamond-jewellery/bracelets,https://marlows-diamonds.co.uk/product-category/diamond-jewellery/bracelets
https://marlows-diamonds.co.uk/gitprojects/marlows-diamond/public/product-category/diamond-jewellery/earrings,https://marlows-diamonds.co.uk/product-category/diamond-jewellery/earrings
https://marlows-diamonds.co.uk/gitprojects/marlows-diamond/public/product-category/diamond-jewellery/exclusive-to-marlows,https://marlows-diamonds.co.uk/product-category/diamond-jewellery/exclusive-to-marlows
https://marlows-diamonds.co.uk/gitprojects/marlows-diamond/public/product-category/diamond-jewellery/necklaces,https://marlows-diamonds.co.uk/product-category/diamond-jewellery/necklaces
https://marlows-diamonds.co.uk/gitprojects/marlows-diamond/public/product-category/diamond-jewellery/pendants,https://marlows-diamonds.co.uk/product-category/diamond-jewellery/pendants
https://marlows-diamonds.co.uk/gitprojects/marlows-diamond/public/product-category/engagement-rings/halo,https://marlows-diamonds.co.uk/product-category/engagement-rings/halo
https://marlows-diamonds.co.uk/gitprojects/marlows-diamond/public/product-category/engagement-rings/multi-stone,https://marlows-diamonds.co.uk/product-category/engagement-rings/multi-stone
https://marlows-diamonds.co.uk/gitprojects/marlows-diamond/public/product-category/engagement-rings/shoulder-set,https://marlows-diamonds.co.uk/product-category/engagement-rings/shoulder-set
https://marlows-diamonds.co.uk/gitprojects/marlows-diamond/public/product-category/engagement-rings/solitaire,https://marlows-diamonds.co.uk/product-category/engagement-rings/solitaire
https://marlows-diamonds.co.uk/gitprojects/marlows-diamond/public/product-category/exclusive-to-marlows,https://marlows-diamonds.co.uk/product-category/diamond-jewellery/exclusive-to-marlows
https://marlows-diamonds.co.uk/gitprojects/marlows-diamond/public/product-category/wedding-rings,https://marlows-diamonds.co.uk/product-category/wedding-rings
https://marlows-diamonds.co.uk/gitprojects/marlows-diamond/public/product-category/wedding-rings/mens,https://marlows-diamonds.co.uk/product-category/wedding-rings/mens
https://marlows-diamonds.co.uk/gitprojects/marlows-diamond/public/product-category/wedding-rings/mens/diamond-band,https://marlows-diamonds.co.uk/product-category/wedding-rings/mens/diamond-band
https://marlows-diamonds.co.uk/gitprojects/marlows-diamond/public/product-category/wedding-rings/mens/plain-band,https://marlows-diamonds.co.uk/product-category/wedding-rings/mens/plain-band
https://marlows-diamonds.co.uk/gitprojects/marlows-diamond/public/product-category/wedding-rings/womens,https://marlows-diamonds.co.uk/wedding-rings/womens
https://marlows-diamonds.co.uk/gitprojects/marlows-diamond/public/product-category/wedding-rings/womens/diamond-band-womens,https://marlows-diamonds.co.uk/product-category/wedding-rings/womens/diamond-band-womens
https://marlows-diamonds.co.uk/halo-diamond-ring,https://marlows-diamonds.co.uk/product-category/engagement-rings/halo
https://marlows-diamonds.co.uk/halo-engagement-rings,https://marlows-diamonds.co.uk/product-category/engagement-rings/halo
https://marlows-diamonds.co.uk/heart-shape-diamond-engagement-rings,https://marlows-diamonds.co.uk/product-category/engagement-rings/solitaire/heart-plain-rings
https://marlows-diamonds.co.uk/heart-shape-diamond-rings,https://marlows-diamonds.co.uk/product-category/engagement-rings/solitaire/heart-plain-rings
https://marlows-diamonds.co.uk/hearts-and-arrows,https://marlows-diamonds.co.uk/product-category/engagement-rings/solitaire/heart-plain-rings
https://marlows-diamonds.co.uk/Jewellers-in-Birmingham,https://marlows-diamonds.co.uk/product-category/diamond-jewellery
https://marlows-diamonds.co.uk/jewellery,https://marlows-diamonds.co.uk/product-category/diamond-jewellery
https://marlows-diamonds.co.uk/jewellery-consultation.html,https://marlows-diamonds.co.uk/product-category/diamond-jewellery
https://marlows-diamonds.co.uk/jewellery-quarter.html,https://marlows-diamonds.co.uk/product-category/diamond-jewellery
https://marlows-diamonds.co.uk/jewellery/bracelets,https://marlows-diamonds.co.uk/product-category/diamond-jewellery/bracelets
https://marlows-diamonds.co.uk/jewellery/bracelets/diamond-set-bracelet-brc09.html,https://marlows-diamonds.co.uk/product-category/diamond-jewellery/bracelets
https://marlows-diamonds.co.uk/jewellery/bracelets/diamond-tennis-bracelet-brc01.html,https://marlows-diamonds.co.uk/product-category/diamond-jewellery/bracelets
https://marlows-diamonds.co.uk/jewellery/bracelets/floral-design-diamond-bracelet-brc03.html,https://marlows-diamonds.co.uk/product-category/diamond-jewellery/bracelets
https://marlows-diamonds.co.uk/jewellery/bracelets/round-brilliant-cut-diamond-bracelet-brc04.html,https://marlows-diamonds.co.uk/product-category/diamond-jewellery/bracelets
https://marlows-diamonds.co.uk/jewellery/bracelets/round-brilliant-cut-diamond-set-bracelet-brc05.html,https://marlows-diamonds.co.uk/product-category/diamond-jewellery/bracelets
https://marlows-diamonds.co.uk/jewellery/bracelets/round-brilliant-cut-diamond-set-bracelet-brc06.html,https://marlows-diamonds.co.uk/product-category/diamond-jewellery/bracelets
https://marlows-diamonds.co.uk/jewellery/bracelets/round-brilliant-cut-diamond-set-bracelet-brc10.html,https://marlows-diamonds.co.uk/product-category/diamond-jewellery/bracelets
https://marlows-diamonds.co.uk/jewellery/bracelets/round-brilliant-cut-diamond-set-bracelet-brc11.html,https://marlows-diamonds.co.uk/product-category/diamond-jewellery/bracelets
https://marlows-diamonds.co.uk/jewellery/bracelets/round-brilliant-cut-diamond-set-bracelet-brc12.html,https://marlows-diamonds.co.uk/product-category/diamond-jewellery/bracelets
https://marlows-diamonds.co.uk/jewellery/bracelets/round-brilliant-cut-diamond-set-bracelet-brc14.html,https://marlows-diamonds.co.uk/product-category/diamond-jewellery/bracelets
https://marlows-diamonds.co.uk/jewellery/bracelets/round-brilliant-cut-diamond-set-bracelet-brc15.html,https://marlows-diamonds.co.uk/product-category/diamond-jewellery/bracelets
https://marlows-diamonds.co.uk/jewellery/bracelets/round-brilliant-cut-diamond-set-bracelet-brc17.html,https://marlows-diamonds.co.uk/product-category/diamond-jewellery/bracelets
https://marlows-diamonds.co.uk/jewellery/bracelets/two-strand-diamond-set-bracelet-brc07.html,https://marlows-diamonds.co.uk/product-category/diamond-jewellery/bracelets
https://marlows-diamonds.co.uk/jewellery/jewellery-category-list,https://marlows-diamonds.co.uk/product-category/diamond-jewellery
https://marlows-diamonds.co.uk/jewellery/necklaces,https://marlows-diamonds.co.uk/product-category/diamond-jewellery/necklaces
https://marlows-diamonds.co.uk/jewellery/necklaces/diamond-set-necklace-nck02.html,https://marlows-diamonds.co.uk/product-category/diamond-jewellery/necklaces
https://marlows-diamonds.co.uk/jewellery/necklaces/diamond-set-necklace-nck03.html,https://marlows-diamonds.co.uk/product-category/diamond-jewellery/necklaces
https://marlows-diamonds.co.uk/jewellery/necklaces/diamond-tennis-necklace-nck01.html,https://marlows-diamonds.co.uk/product-category/diamond-jewellery/necklaces
https://marlows-diamonds.co.uk/jewellery/necklaces/round-brilliant-cut-diamond-set-necklace-nck05.html,https://marlows-diamonds.co.uk/product-category/diamond-jewellery/necklaces
https://marlows-diamonds.co.uk/jewellery/necklaces/round-brilliant-cut-diamond-set-necklace-nck06.html,https://marlows-diamonds.co.uk/product-category/diamond-jewellery/necklaces
https://marlows-diamonds.co.uk/jewellery/necklaces/round-brilliant-cut-diamond-set-necklace-nck07.html,https://marlows-diamonds.co.uk/product-category/diamond-jewellery/necklaces
https://marlows-diamonds.co.uk/jewellery/necklaces/round-brilliant-cut-diamond-set-necklace-nck08.html,https://marlows-diamonds.co.uk/product-category/diamond-jewellery/necklaces
https://marlows-diamonds.co.uk/jewellery/necklaces/round-brilliant-cut-diamond-set-necklace-nck09.html,https://marlows-diamonds.co.uk/product-category/diamond-jewellery/necklaces
https://marlows-diamonds.co.uk/jewellery/necklaces/round-brilliant-cut-diamond-set-necklace-nck11.html,https://marlows-diamonds.co.uk/product-category/diamond-jewellery/necklaces
https://marlows-diamonds.co.uk/jewellery/necklaces/round-brilliant-cut-diamond-set-necklace-nck12.html,https://marlows-diamonds.co.uk/product-category/diamond-jewellery/necklaces
https://marlows-diamonds.co.uk/jewellery/pendants,https://marlows-diamonds.co.uk/product-category/diamond-jewellery/pendants
https://marlows-diamonds.co.uk/jewellery/pendants/diamond-set-heart-pendant-pen24.html,https://marlows-diamonds.co.uk/product-category/diamond-jewellery/pendants
https://marlows-diamonds.co.uk/jewellery/pendants/emerald-cut-diamond-pendant-pen04.html,https://marlows-diamonds.co.uk/product-category/diamond-jewellery/pendants
https://marlows-diamonds.co.uk/jewellery/pendants/fancy-circle-pendant-pen19.html,https://marlows-diamonds.co.uk/product-category/diamond-jewellery/pendants
https://marlows-diamonds.co.uk/jewellery/pendants/fancy-dropper-pendant-pen20.html,https://marlows-diamonds.co.uk/product-category/diamond-jewellery/pendants
https://marlows-diamonds.co.uk/jewellery/pendants/fancy-dropper-pendant-pen21.html,https://marlows-diamonds.co.uk/product-category/diamond-jewellery/pendants
https://marlows-diamonds.co.uk/jewellery/pendants/fancy-round-brilliant-cut-diamond-dropper-pendant-pen08.html,https://marlows-diamonds.co.uk/product-category/diamond-jewellery/pendants
https://marlows-diamonds.co.uk/jewellery/pendants/fancy-round-brilliant-cut-diamond-pendant-pen17.html,https://marlows-diamonds.co.uk/product-category/diamond-jewellery/pendants
https://marlows-diamonds.co.uk/jewellery/pendants/fancy-round-pendant-pen22.html,https://marlows-diamonds.co.uk/product-category/diamond-jewellery/pendants
https://marlows-diamonds.co.uk/jewellery/pendants/fancy-stone-set-pendant-pen27.html,https://marlows-diamonds.co.uk/product-category/diamond-jewellery/pendants
https://marlows-diamonds.co.uk/jewellery/pendants/figure-of-eight-pendant-pen23.html,https://marlows-diamonds.co.uk/product-category/diamond-jewellery/pendants
https://marlows-diamonds.co.uk/jewellery/pendants/oval-stone-set-pendant-pen29.html,https://marlows-diamonds.co.uk/product-category/diamond-jewellery/pendants
https://marlows-diamonds.co.uk/jewellery/pendants/oval-stone-set-pendant-pen30.html,https://marlows-diamonds.co.uk/product-category/diamond-jewellery/pendants
https://marlows-diamonds.co.uk/jewellery/pendants/pear-cut-diamond-pendant-pen05.html,https://marlows-diamonds.co.uk/product-category/diamond-jewellery/pendants
https://marlows-diamonds.co.uk/jewellery/pendants/princess-cut-diamond-pendant-pen03.html,https://marlows-diamonds.co.uk/product-category/diamond-jewellery/pendants
https://marlows-diamonds.co.uk/jewellery/pendants/round-brilliant-cut-diamond-dropper-pendant-pen07.html,https://marlows-diamonds.co.uk/product-category/diamond-jewellery/pendants
https://marlows-diamonds.co.uk/jewellery/pendants/round-brilliant-cut-diamond-dropper-pendant-pen10.html,https://marlows-diamonds.co.uk/product-category/diamond-jewellery/pendants
https://marlows-diamonds.co.uk/jewellery/pendants/round-brilliant-cut-diamond-dropper-pendant-pen12.html,https://marlows-diamonds.co.uk/product-category/diamond-jewellery/pendants
https://marlows-diamonds.co.uk/jewellery/pendants/round-brilliant-cut-diamond-dropper-pendant-pen14.html,https://marlows-diamonds.co.uk/product-category/diamond-jewellery/pendants
https://marlows-diamonds.co.uk/jewellery/pendants/round-brilliant-cut-diamond-pendant-pen01.html,https://marlows-diamonds.co.uk/product-category/diamond-jewellery/pendants
https://marlows-diamonds.co.uk/jewellery/pendants/round-brilliant-cut-fancy-pendant.html,https://marlows-diamonds.co.uk/product-category/diamond-jewellery/pendants
https://marlows-diamonds.co.uk/jewellery/pendants/stone-set-fancy-pendant-pen26.html,https://marlows-diamonds.co.uk/product-category/diamond-jewellery/pendants
https://marlows-diamonds.co.uk/jewellery/pendants/stone-set-teardrop-pendant-pen28.html,https://marlows-diamonds.co.uk/product-category/diamond-jewellery/pendants
https://marlows-diamonds.co.uk/jewellery/pendants/three-stone-diamond-dropper-pendant-pen11.html,https://marlows-diamonds.co.uk/product-category/diamond-jewellery/pendants
https://marlows-diamonds.co.uk/jewellery/pendants/two-stone-diamond-dropper-pendant-pen06.html,https://marlows-diamonds.co.uk/product-category/diamond-jewellery/pendants
https://marlows-diamonds.co.uk/jewellery/pendants/two-strand-diamond-dropper-pendant-pen09.html,https://marlows-diamonds.co.uk/product-category/diamond-jewellery/pendants
https://marlows-diamonds.co.uk/line-tennis-bracelets,https://marlows-diamonds.co.uk/product-category/diamond-jewellery/bracelets
https://marlows-diamonds.co.uk/link-bracelet,https://marlows-diamonds.co.uk/product-category/diamond-jewellery/bracelets
https://marlows-diamonds.co.uk/marlow/product-category/engagement-rings/shoulder-set,https://marlows-diamonds.co.uk/product-category/engagement-rings/shoulder-set
https://marlows-diamonds.co.uk/marlow/product-category/engagement-rings/shoulder-set/round-shoulder-rings,https://marlows-diamonds.co.uk/product-category/engagement-rings/shoulder-set/round-shoulder-rings
https://marlows-diamonds.co.uk/marlow/product-category/engagement-rings/solitaire,https://marlows-diamonds.co.uk/product-category/engagement-rings/solitaire
https://marlows-diamonds.co.uk/marlow/product-category/wedding-rings/mens,https://marlows-diamonds.co.uk/product-category/wedding-rings/mens
https://marlows-diamonds.co.uk/marquise-diamond-rings,https://marlows-diamonds.co.uk/product-category/engagement-rings/shoulder-set/marquise-shoulder-rings
https://marlows-diamonds.co.uk/marquise-shape-diamond-engagement-rings,https://marlows-diamonds.co.uk/product-category/engagement-rings/shoulder-set/marquise-shoulder-rings
https://marlows-diamonds.co.uk/marquise-shape-diamond-rings,https://marlows-diamonds.co.uk/product-category/engagement-rings/shoulder-set/marquise-shoulder-rings
https://marlows-diamonds.co.uk/mens-wedding-bands,https://marlows-diamonds.co.uk/product-category/wedding-rings/mens
https://marlows-diamonds.co.uk/multi-stone,https://marlows-diamonds.co.uk/product-category/engagement-rings/multi-stone
https://marlows-diamonds.co.uk/multi-stone-rings,https://marlows-diamonds.co.uk/product-category/engagement-rings/multi-stone
https://marlows-diamonds.co.uk/multi-stone-rings/3-stone-rings,https://marlows-diamonds.co.uk/product-category/engagement-rings/multi-stone
https://marlows-diamonds.co.uk/multi-stone-rings/3-stone-rings/round-brilliant-cut-diamond-trilogy-ring-m1.html,https://marlows-diamonds.co.uk/product-category/engagement-rings/multi-stone
https://marlows-diamonds.co.uk/multi-stone-rings/3-stone-rings/round-brilliant-cut-diamond-trilogy-ring-m2.html,https://marlows-diamonds.co.uk/product-category/engagement-rings/multi-stone
https://marlows-diamonds.co.uk/multi-stone-rings/3-stone-rings/three-stone-diamond-ring-m7.html,https://marlows-diamonds.co.uk/product-category/engagement-rings/multi-stone
https://marlows-diamonds.co.uk/multi-stone-rings/3-stone-rings/three-stone-emerald-cut-diamond-ring-m6.html,https://marlows-diamonds.co.uk/product-category/engagement-rings/multi-stone
https://marlows-diamonds.co.uk/multi-stone-rings/3-stone-rings/three-stone-princess-cut-diamond-ring-m5.html,https://marlows-diamonds.co.uk/product-category/engagement-rings/multi-stone
https://marlows-diamonds.co.uk/multi-stone-rings/4-stone-rings,https://marlows-diamonds.co.uk/product-category/engagement-rings/multi-stone
https://marlows-diamonds.co.uk/multi-stone-rings/4-stone-rings/four-stone-diamond-ring-m8.html,https://marlows-diamonds.co.uk/product-category/engagement-rings/multi-stone
https://marlows-diamonds.co.uk/multi-stone-rings/4-stone-rings/four-stone-round-brilliant-cut-diamond-ring-m3.html,https://marlows-diamonds.co.uk/product-category/engagement-rings/multi-stone
https://marlows-diamonds.co.uk/multi-stone-rings/5-stone-rings,https://marlows-diamonds.co.uk/product-category/engagement-rings/multi-stone
https://marlows-diamonds.co.uk/multi-stone-rings/5-stone-rings/five-stone-round-brilliant-cut-diamond-ring-et10.html,https://marlows-diamonds.co.uk/product-category/engagement-rings/multi-stone
https://marlows-diamonds.co.uk/multi-stone-rings/5-stone-rings/five-stone-round-brilliant-cut-diamond-ring-m4.html,https://marlows-diamonds.co.uk/product-category/engagement-rings/multi-stone
https://marlows-diamonds.co.uk/multi-stone-rings/7-stone-rings,https://marlows-diamonds.co.uk/product-category/engagement-rings/multi-stone
https://marlows-diamonds.co.uk/multi-stone-rings/7-stone-rings/multi-stone-diamond-ring-m9.html,https://marlows-diamonds.co.uk/product-category/engagement-rings/multi-stone
https://marlows-diamonds.co.uk/multi-stone-rings/7-stone-rings/seven-stone-round-brilliant-cut-diamond-ring-et11.html,https://marlows-diamonds.co.uk/product-category/engagement-rings/multi-stone
https://marlows-diamonds.co.uk/multi-stone-rings/7-stone-rings/seven-stone-round-brilliant-cut-diamond-ring-et13.html,https://marlows-diamonds.co.uk/product-category/engagement-rings/multi-stone
https://marlows-diamonds.co.uk/multi-stone-rings/multi-stone-category-list,https://marlows-diamonds.co.uk/product-category/engagement-rings/multi-stone
https://marlows-diamonds.co.uk/oval-shape-diamond-engagement-rings,https://marlows-diamonds.co.uk/product-category/engagement-rings/shoulder-set/oval-shoulder-rings
https://marlows-diamonds.co.uk/pear-drop-earrings,https://marlows-diamonds.co.uk/product-category/engagement-rings/halo/pear
https://marlows-diamonds.co.uk/pear-shape-diamond-engagement-rings,https://marlows-diamonds.co.uk/product-category/engagement-rings/halo/pear
https://marlows-diamonds.co.uk/pear-shape-diamond-pendant,https://marlows-diamonds.co.uk/product-category/engagement-rings/halo/pear
https://marlows-diamonds.co.uk/pear-shape-necklace,https://marlows-diamonds.co.uk/product-category/engagement-rings/halo/pear
https://marlows-diamonds.co.uk/pearl-drop-earrings,https://marlows-diamonds.co.uk/product-category/engagement-rings/halo/pear
https://marlows-diamonds.co.uk/pink-diamond-rings,https://marlows-diamonds.co.uk/product-category/engagement-rings
https://marlows-diamonds.co.uk/plain-bands,https://marlows-diamonds.co.uk/product-category/wedding-rings
https://marlows-diamonds.co.uk/princess-cut-diamond-earrings,https://marlows-diamonds.co.uk/product-category/diamond-jewellery/earrings
https://marlows-diamonds.co.uk/princess-cut-diamond-pendant,https://marlows-diamonds.co.uk/product-category/diamond-jewellery/pendants
https://marlows-diamonds.co.uk/princess-cut-engagement-rings,https://marlows-diamonds.co.uk/product-category/engagement-rings/solitaire/princess-plain-rings
https://marlows-diamonds.co.uk/princess-cut-rings,https://marlows-diamonds.co.uk/product-category/engagement-rings/solitaire/princess-plain-rings
https://marlows-diamonds.co.uk/Princess-cut-rings-for-him-and-her,https://marlows-diamonds.co.uk/product-category/engagement-rings/solitaire/princess-plain-rings
https://marlows-diamonds.co.uk/princess-cut-trilogy-rings,https://marlows-diamonds.co.uk/product-category/engagement-rings/solitaire/princess-plain-rings
https://marlows-diamonds.co.uk/product-category/earring,https://marlows-diamonds.co.uk/product-category/diamond-jewellery/earrings
https://marlows-diamonds.co.uk/product-category/engagement-rings/halo/marquise-plain-rings,https://marlows-diamonds.co.uk/product-category/engagement-rings/halo/marquise
https://marlows-diamonds.co.uk/product-category/engagement-rings/halo/round,https://marlows-diamonds.co.uk/product-category/engagement-rings/halo/halo-round
https://marlows-diamonds.co.uk/product-category/engagement-rings/multi-stone-rings/emerald-multi-stone-rings,https://marlows-diamonds.co.uk/product-category/engagement-rings/multi-stone/emerald-multi-stone-rings
https://marlows-diamonds.co.uk/product-category/engagement-rings/multi-stone-rings/halo-round-1,https://marlows-diamonds.co.uk/product-category/engagement-rings/multi-stone/halo-round-1
https://marlows-diamonds.co.uk/product-category/engagement-rings/multi-stone-rings/heart-multi-stone-rings,https://marlows-diamonds.co.uk/product-category/engagement-rings/multi-stone/heart-multi-stone-rings
https://marlows-diamonds.co.uk/product-category/engagement-rings/multi-stone-rings/marquise-multi-stone-rings,https://marlows-diamonds.co.uk/product-category/engagement-rings/multi-stone/marquise-multi-stone-rings
https://marlows-diamonds.co.uk/product-category/engagement-rings/multi-stone-rings/multi-stone-cushion,https://marlows-diamonds.co.uk/product-category/engagement-rings/multi-stone/multi-stone-cushion
https://marlows-diamonds.co.uk/product-category/engagement-rings/multi-stone-rings/oval-multi-stone-rings,https://marlows-diamonds.co.uk/product-category/engagement-rings/multi-stone/oval-multi-stone-rings
https://marlows-diamonds.co.uk/product-category/engagement-rings/multi-stone-rings/pear-multi-stone-rings,https://marlows-diamonds.co.uk/product-category/engagement-rings/multi-stone/pear-multi-stone-rings
https://marlows-diamonds.co.uk/product-category/engagement-rings/multi-stone-rings/princess-multi-stone-rings,https://marlows-diamonds.co.uk/product-category/engagement-rings/multi-stone/princess-multi-stone-rings
https://marlows-diamonds.co.uk/product-category/engagement-rings/multi-stone-rings/round,https://marlows-diamonds.co.uk/product-category/engagement-rings/multi-stone/halo-round-1
https://marlows-diamonds.co.uk/product-category/engagement-rings/multi-stone/round,https://marlows-diamonds.co.uk/product-category/engagement-rings/multi-stone/halo-round-1
https://marlows-diamonds.co.uk/product-category/engagement-rings/multi-stone/round-multi-stone-rings,https://marlows-diamonds.co.uk/product-category/engagement-rings/multi-stone/halo-round-1
https://marlows-diamonds.co.uk/product-category/engagement-rings/plain-rings/pear-plain-rings,https://marlows-diamonds.co.uk/product-category/engagement-rings/solitaire/pear-plain-rings
https://marlows-diamonds.co.uk/product-category/engagement-rings/round,https://marlows-diamonds.co.uk/product-category/engagement-rings/shoulder-set/round-shoulder-rings
https://marlows-diamonds.co.uk/product-category/engagement-rings/shoulder-set/emerald,https://marlows-diamonds.co.uk/product-category/engagement-rings/shoulder-set/emerald-shoulder-rings
https://marlows-diamonds.co.uk/product-category/engagement-rings/shoulder-set/halo-cushion,https://marlows-diamonds.co.uk/product-category/engagement-rings/shoulder-set/shoulder-cushion
https://marlows-diamonds.co.uk/product-category/engagement-rings/shoulder-set/halo-round,https://marlows-diamonds.co.uk/product-category/engagement-rings/shoulder-set/round-shoulder-rings
https://marlows-diamonds.co.uk/product-category/engagement-rings/shoulder-set/heart,https://marlows-diamonds.co.uk/product-category/engagement-rings/shoulder-set/heart-shoulder-rings
https://marlows-diamonds.co.uk/product-category/engagement-rings/shoulder-set/marquise,https://marlows-diamonds.co.uk/product-category/engagement-rings/shoulder-set/marquise-shoulder-rings
https://marlows-diamonds.co.uk/product-category/engagement-rings/shoulder-set/oval,https://marlows-diamonds.co.uk/product-category/engagement-rings/shoulder-set/oval-shoulder-rings
https://marlows-diamonds.co.uk/product-category/engagement-rings/shoulder-set/pear,https://marlows-diamonds.co.uk/product-category/engagement-rings/shoulder-set/pear-shoulder-rings
https://marlows-diamonds.co.uk/product-category/engagement-rings/shoulder-set/princess-halo-rings,https://marlows-diamonds.co.uk/product-category/engagement-rings/shoulder-set/princess-shoulder-rings
https://marlows-diamonds.co.uk/product-category/engagement-rings/shoulder-set/round,https://marlows-diamonds.co.uk/product-category/engagement-rings/shoulder-set/round-shoulder-rings
https://marlows-diamonds.co.uk/product-category/engagement-rings/solitaire/emerald,https://marlows-diamonds.co.uk/product-category/engagement-rings/solitaire/emerald-plain-rings
https://marlows-diamonds.co.uk/product-category/engagement-rings/solitaire/halo-cushion,https://marlows-diamonds.co.uk/product-category/engagement-rings/solitaire/solitaire-cushion
https://marlows-diamonds.co.uk/product-category/engagement-rings/solitaire/halo-round,https://marlows-diamonds.co.uk/product-category/engagement-rings/solitaire/round-plain-rings
https://marlows-diamonds.co.uk/product-category/engagement-rings/solitaire/heart,https://marlows-diamonds.co.uk/product-category/engagement-rings/solitaire/heart-plain-rings
https://marlows-diamonds.co.uk/product-category/engagement-rings/solitaire/marquise,https://marlows-diamonds.co.uk/product-category/engagement-rings/solitaire/marquise-plain-rings
https://marlows-diamonds.co.uk/product-category/engagement-rings/solitaire/oval,https://marlows-diamonds.co.uk/product-category/engagement-rings/solitaire/oval-plain-rings
https://marlows-diamonds.co.uk/product-category/engagement-rings/solitaire/pear,https://marlows-diamonds.co.uk/product-category/engagement-rings/solitaire/pear-plain-rings
https://marlows-diamonds.co.uk/product-category/engagement-rings/solitaire/princess,https://marlows-diamonds.co.uk/product-category/engagement-rings/solitaire/princess-plain-rings
https://marlows-diamonds.co.uk/product-category/engagement-rings/solitaire/princess-halo-rings,https://marlows-diamonds.co.uk/product-category/engagement-rings/solitaire/princess-plain-rings
https://marlows-diamonds.co.uk/product-category/engagement-rings/solitaire/round,https://marlows-diamonds.co.uk/product-category/engagement-rings/solitaire/round-plain-rings
https://marlows-diamonds.co.uk/product-category/engagement-rings/solitaire/round-plain-rings/page/2,https://marlows-diamonds.co.uk/product-category/engagement-rings/solitaire/round-plain-rings
https://marlows-diamonds.co.uk/product-category/eternity-ring,https://marlows-diamonds.co.uk/product-category/eternity-rings
https://marlows-diamonds.co.uk/product-category/eternity-rings/halo,https://marlows-diamonds.co.uk/product-category/eternity-rings
https://marlows-diamonds.co.uk/product-category/eternity-rings/halo/emerald,https://marlows-diamonds.co.uk/product-category/eternity-rings
https://marlows-diamonds.co.uk/product-category/eternity-rings/halo/halo-cushion,https://marlows-diamonds.co.uk/product-category/eternity-rings
https://marlows-diamonds.co.uk/product-category/eternity-rings/halo/halo-round,https://marlows-diamonds.co.uk/product-category/eternity-rings
https://marlows-diamonds.co.uk/product-category/eternity-rings/halo/heart,https://marlows-diamonds.co.uk/product-category/eternity-rings
https://marlows-diamonds.co.uk/product-category/eternity-rings/halo/marquise,https://marlows-diamonds.co.uk/product-category/eternity-rings
https://marlows-diamonds.co.uk/product-category/eternity-rings/halo/oval,https://marlows-diamonds.co.uk/product-category/eternity-rings
https://marlows-diamonds.co.uk/product-category/eternity-rings/halo/pear,https://marlows-diamonds.co.uk/product-category/eternity-rings
https://marlows-diamonds.co.uk/product-category/eternity-rings/multi-stone,https://marlows-diamonds.co.uk/product-category/eternity-rings
https://marlows-diamonds.co.uk/product-category/eternity-rings/multi-stone/halo-round-1,https://marlows-diamonds.co.uk/product-category/eternity-rings
https://marlows-diamonds.co.uk/product-category/eternity-rings/multi-stone/heart-multi-stone-rings,https://marlows-diamonds.co.uk/product-category/eternity-rings
https://marlows-diamonds.co.uk/product-category/eternity-rings/multi-stone/marquise-multi-stone-rings,https://marlows-diamonds.co.uk/product-category/eternity-rings
https://marlows-diamonds.co.uk/product-category/eternity-rings/multi-stone/multi-stone-cushion,https://marlows-diamonds.co.uk/product-category/eternity-rings
https://marlows-diamonds.co.uk/product-category/eternity-rings/multi-stone/oval-multi-stone-rings,https://marlows-diamonds.co.uk/product-category/eternity-rings
https://marlows-diamonds.co.uk/product-category/eternity-rings/multi-stone/pear-multi-stone-rings,https://marlows-diamonds.co.uk/product-category/eternity-rings
https://marlows-diamonds.co.uk/product-category/eternity-rings/multi-stone/princess-multi-stone-rings,https://marlows-diamonds.co.uk/product-category/eternity-rings
https://marlows-diamonds.co.uk/product-category/eternity-rings/shoulder-set,https://marlows-diamonds.co.uk/product-category/eternity-rings
https://marlows-diamonds.co.uk/product-category/eternity-rings/solitaire,https://marlows-diamonds.co.uk/product-category/eternity-rings
https://marlows-diamonds.co.uk/product-category/eternity-rings/solitaire/emerald-plain-rings,https://marlows-diamonds.co.uk/product-category/eternity-rings
https://marlows-diamonds.co.uk/product-category/eternity-rings/solitaire/heart-plain-rings,https://marlows-diamonds.co.uk/product-category/eternity-rings
https://marlows-diamonds.co.uk/product-category/eternity-rings/solitaire/marquise-plain-rings,https://marlows-diamonds.co.uk/product-category/eternity-rings
https://marlows-diamonds.co.uk/product-category/eternity-rings/solitaire/oval-plain-rings,https://marlows-diamonds.co.uk/product-category/eternity-rings
https://marlows-diamonds.co.uk/product-category/eternity-rings/solitaire/pear-plain-rings,https://marlows-diamonds.co.uk/product-category/eternity-rings
https://marlows-diamonds.co.uk/product-category/eternity-rings/solitaire/princess-plain-rings,https://marlows-diamonds.co.uk/product-category/eternity-rings
https://marlows-diamonds.co.uk/product-category/eternity-rings/solitaire/round-plain-rings,https://marlows-diamonds.co.uk/product-category/eternity-rings
https://marlows-diamonds.co.uk/product-category/eternity-rings/solitaire/solitaire-cushion,https://marlows-diamonds.co.uk/product-category/eternity-rings
https://marlows-diamonds.co.uk/product-category/exclusive-to-marlows,https://marlows-diamonds.co.uk/product-category/diamond-jewellery/exclusive-to-marlows
https://marlows-diamonds.co.uk/product-category/mens/plain-band,https://marlows-diamonds.co.uk/product-category/wedding-rings/mens/plain-band
https://marlows-diamonds.co.uk/product-category/solitaire/round-plain-rings,https://marlows-diamonds.co.uk/product-category/engagement-rings/solitaire/round-plain-rings
https://marlows-diamonds.co.uk/product-category/womens/diamond-band-womens,https://marlows-diamonds.co.uk/product-category/wedding-rings/womens/diamond-band-womens
https://marlows-diamonds.co.uk/product-tag/bracelet,https://marlows-diamonds.co.uk/product-category/diamond-jewellery/bracelets
https://marlows-diamonds.co.uk/product-tag/cushion,https://marlows-diamonds.co.uk/product-category/engagement-rings/solitaire/solitaire-cushion
https://marlows-diamonds.co.uk/product-tag/diamond,https://marlows-diamonds.co.uk/product-category/engagement-rings
https://marlows-diamonds.co.uk/product-tag/diamond-band,https://marlows-diamonds.co.uk/product-category/engagement-rings
https://marlows-diamonds.co.uk/product-tag/diamond-band-womens,https://marlows-diamonds.co.uk/product-category/wedding-rings/womens
https://marlows-diamonds.co.uk/product-tag/diamond-bracelet,https://marlows-diamonds.co.uk/product-category/diamond-jewellery/bracelets
https://marlows-diamonds.co.uk/product-tag/diamond-pendant,https://marlows-diamonds.co.uk/product-category/diamond-jewellery/pendants
https://marlows-diamonds.co.uk/product-tag/emerald,https://marlows-diamonds.co.uk/product-category/engagement-rings/halo/emerald
https://marlows-diamonds.co.uk/product-tag/eternity,https://marlows-diamonds.co.uk/product-category/eternity-rings
https://marlows-diamonds.co.uk/product-tag/halo,https://marlows-diamonds.co.uk/product-category/engagement-rings/halo
https://marlows-diamonds.co.uk/product-tag/heart,https://marlows-diamonds.co.uk/product-category/engagement-rings/shoulder-set/heart-shoulder-rings
https://marlows-diamonds.co.uk/product-tag/marquise,https://marlows-diamonds.co.uk/product-category/engagement-rings/solitaire/marquise-plain-rings
https://marlows-diamonds.co.uk/product-tag/multistone,https://marlows-diamonds.co.uk/product-category/engagement-rings/multi-stone
https://marlows-diamonds.co.uk/product-tag/oval,https://marlows-diamonds.co.uk/product-category/engagement-rings/solitaire/oval-plain-rings
https://marlows-diamonds.co.uk/product-tag/pear,https://marlows-diamonds.co.uk/product-category/engagement-rings/solitaire/pear-plain-rings
https://marlows-diamonds.co.uk/product-tag/plain,https://marlows-diamonds.co.uk/product-category/wedding-rings
https://marlows-diamonds.co.uk/product-tag/plain-band,https://marlows-diamonds.co.uk/product-category/wedding-rings
https://marlows-diamonds.co.uk/product-tag/plain-band-womens,https://marlows-diamonds.co.uk/wedding-rings/womens
https://marlows-diamonds.co.uk/product-tag/princess,https://marlows-diamonds.co.uk/product-category/engagement-rings/halo/princess-halo-rings
https://marlows-diamonds.co.uk/product-tag/round,https://marlows-diamonds.co.uk/product-category/engagement-rings/solitaire/round-plain-rings
https://marlows-diamonds.co.uk/product-tag/shoulder-set,https://marlows-diamonds.co.uk/product-category/engagement-rings/shoulder-set
https://marlows-diamonds.co.uk/product-tag/shoulders,https://marlows-diamonds.co.uk/product-category/engagement-rings/shoulder-set
https://marlows-diamonds.co.uk/product-tag/solitaire,https://marlows-diamonds.co.uk/product-category/engagement-rings/solitaire
https://marlows-diamonds.co.uk/red-diamond-rings,https://marlows-diamonds.co.uk/product-category/engagement-rings
https://marlows-diamonds.co.uk/round-engagement-ring,https://marlows-diamonds.co.uk/product-category/engagement-rings/solitaire/round-plain-rings
https://marlows-diamonds.co.uk/rubover-diamond-set-bracelet,https://marlows-diamonds.co.uk/product-category/diamond-jewellery/bracelets
https://marlows-diamonds.co.uk/shoulder-set-diamond-engagement-rings,https://marlows-diamonds.co.uk/product-category/engagement-rings/shoulder-set
https://marlows-diamonds.co.uk/single-line-necklace,https://marlows-diamonds.co.uk/product-category/diamond-jewellery/necklaces
https://marlows-diamonds.co.uk/solitaire-diamond-engagement-rings,https://marlows-diamonds.co.uk/product-category/engagement-rings/solitaire
https://marlows-diamonds.co.uk/star-earrings,https://marlows-diamonds.co.uk/product-category/diamond-jewellery/earrings
https://marlows-diamonds.co.uk/three-stone-engagement-rings,https://marlows-diamonds.co.uk/product-category/engagement-rings/multi-stone
https://marlows-diamonds.co.uk/tiaras,https://marlows-diamonds.co.uk/product-category/engagement-rings/multi-stone
https://marlows-diamonds.co.uk/trilogy-engagement-rings,https://marlows-diamonds.co.uk/product-category/engagement-rings/multi-stone
https://marlows-diamonds.co.uk/trilogy-rings,https://marlows-diamonds.co.uk/product-category/engagement-rings/multi-stone
https://marlows-diamonds.co.uk/wedding,https://marlows-diamonds.co.uk/product-category/wedding-rings
https://marlows-diamonds.co.uk/wedding-bands,https://marlows-diamonds.co.uk/product-category/wedding-rings
https://marlows-diamonds.co.uk/wedding-rings/designer-rings,https://marlows-diamonds.co.uk/product-category/wedding-rings
https://marlows-diamonds.co.uk/wedding-rings/designer-rings/designer-wedding-band-xd527.html,https://marlows-diamonds.co.uk/product-category/wedding-rings
https://marlows-diamonds.co.uk/wedding-rings/designer-rings/diamond-set-wedding-band-xd514.html,https://marlows-diamonds.co.uk/product-category/wedding-rings
https://marlows-diamonds.co.uk/wedding-rings/designer-rings/flat-design-diamond-set-wedding-band-xd424.html,https://marlows-diamonds.co.uk/product-category/wedding-rings
https://marlows-diamonds.co.uk/wedding-rings/designer-rings/full-princess-cut-diamond-band-et01.html,https://marlows-diamonds.co.uk/product-category/wedding-rings
https://marlows-diamonds.co.uk/wedding-rings/designer-rings/round-brilliant-cut-full-set-diamond-band-et02.html,https://marlows-diamonds.co.uk/product-category/wedding-rings
https://marlows-diamonds.co.uk/wedding-rings/designer-rings/stylish-channel-set-wedding-bands-xd528.html,https://marlows-diamonds.co.uk/product-category/wedding-rings
https://marlows-diamonds.co.uk/wedding-rings/designer-rings/stylish-diamond-set-wedding-band-xd331.html,https://marlows-diamonds.co.uk/product-category/wedding-rings
https://marlows-diamonds.co.uk/wedding-rings/designer-rings/stylish-eight-stone-wedding-band-xd301.html,https://marlows-diamonds.co.uk/product-category/wedding-rings
https://marlows-diamonds.co.uk/wedding-rings/diamond-rings,https://marlows-diamonds.co.uk/product-category/engagement-rings
https://marlows-diamonds.co.uk/wedding-rings/diamond-rings.html,https://marlows-diamonds.co.uk/product-category/engagement-rings
https://marlows-diamonds.co.uk/wedding-rings/diamond-rings/44833.html,https://marlows-diamonds.co.uk/product-category/engagement-rings
https://marlows-diamonds.co.uk/wedding-rings/diamond-rings/44842.html,https://marlows-diamonds.co.uk/product-category/engagement-rings
https://marlows-diamonds.co.uk/wedding-rings/diamond-rings/4484241.html,https://marlows-diamonds.co.uk/product-category/engagement-rings
https://marlows-diamonds.co.uk/wedding-rings/diamond-rings/double-row-diamond-set-wedding-band-wg1.html,https://marlows-diamonds.co.uk/product-category/engagement-rings
https://marlows-diamonds.co.uk/wedding-rings/diamond-rings/full-diamond-set-wedding-band-wg2.html,https://marlows-diamonds.co.uk/product-category/engagement-rings
https://marlows-diamonds.co.uk/wedding-rings/diamond-rings/full-princess-cut-diamond-set-wedding-band-wg2p.html,https://marlows-diamonds.co.uk/product-category/engagement-rings
https://marlows-diamonds.co.uk/wedding-rings/diamond-rings/full-princess-cut-diamond-set-wedding-band-wg3p.html,https://marlows-diamonds.co.uk/product-category/engagement-rings
https://marlows-diamonds.co.uk/wedding-rings/diamond-rings/full-princess-cut-diamond-set-wedding-band-wg4p.html,https://marlows-diamonds.co.uk/product-category/engagement-rings
https://marlows-diamonds.co.uk/wedding-rings/diamond-rings/full-princess-cut-diamond-set-wedding-band-wg5p.html,https://marlows-diamonds.co.uk/product-category/engagement-rings
https://marlows-diamonds.co.uk/wedding-rings/diamond-rings/full-round-brilliant-cut-diamond-set-band-et07.html,https://marlows-diamonds.co.uk/product-category/engagement-rings
https://marlows-diamonds.co.uk/wedding-rings/diamond-rings/full-round-brilliant-cut-diamond-set-band-et08.html,https://marlows-diamonds.co.uk/product-category/engagement-rings
https://marlows-diamonds.co.uk/wedding-rings/diamond-rings/full-round-brilliant-cut-diamond-set-wedding-band-wg10.html,https://marlows-diamonds.co.uk/product-category/engagement-rings
https://marlows-diamonds.co.uk/wedding-rings/diamond-rings/full-round-brilliant-cut-diamond-set-wedding-band-wg11.html,https://marlows-diamonds.co.uk/product-category/engagement-rings
https://marlows-diamonds.co.uk/wedding-rings/diamond-rings/full-round-brilliant-cut-diamond-set-wedding-band-wg12.html,https://marlows-diamonds.co.uk/product-category/engagement-rings
https://marlows-diamonds.co.uk/wedding-rings/diamond-rings/full-round-brilliant-cut-diamond-set-wedding-band-wg13.html,https://marlows-diamonds.co.uk/product-category/engagement-rings
https://marlows-diamonds.co.uk/wedding-rings/diamond-rings/full-round-brilliant-cut-diamond-set-wedding-band-wg3.html,https://marlows-diamonds.co.uk/product-category/engagement-rings
https://marlows-diamonds.co.uk/wedding-rings/diamond-rings/full-round-brilliant-cut-diamond-set-wedding-band-wg4.html,https://marlows-diamonds.co.uk/product-category/engagement-rings
https://marlows-diamonds.co.uk/wedding-rings/diamond-rings/full-round-brilliant-cut-diamond-set-wedding-band-wg5.html,https://marlows-diamonds.co.uk/product-category/engagement-rings
https://marlows-diamonds.co.uk/wedding-rings/diamond-rings/full-round-brilliant-cut-diamond-set-wedding-band-wg6.html,https://marlows-diamonds.co.uk/product-category/engagement-rings
https://marlows-diamonds.co.uk/wedding-rings/diamond-rings/full-round-brilliant-cut-diamond-set-wedding-band-wg7.html,https://marlows-diamonds.co.uk/product-category/engagement-rings
https://marlows-diamonds.co.uk/wedding-rings/diamond-rings/full-round-brilliant-cut-diamond-set-wedding-band-wg8.html,https://marlows-diamonds.co.uk/product-category/engagement-rings
https://marlows-diamonds.co.uk/wedding-rings/diamond-rings/full-round-brilliant-cut-diamond-set-wedding-band-wg9.html,https://marlows-diamonds.co.uk/product-category/engagement-rings
https://marlows-diamonds.co.uk/wedding-rings/diamond-rings/half-set-diamond-wedding-band-wgh1.html,https://marlows-diamonds.co.uk/product-category/engagement-rings
https://marlows-diamonds.co.uk/wedding-rings/diamond-rings/half-set-diamond-wedding-band-wgh2.html,https://marlows-diamonds.co.uk/product-category/engagement-rings
https://marlows-diamonds.co.uk/wedding-rings/diamond-rings/half-set-diamond-wedding-band-wgh2p.html,https://marlows-diamonds.co.uk/product-category/engagement-rings
https://marlows-diamonds.co.uk/wedding-rings/diamond-rings/half-set-diamond-wedding-band-wgh5.html,https://marlows-diamonds.co.uk/product-category/engagement-rings
https://marlows-diamonds.co.uk/wedding-rings/diamond-rings/heavy-weight-platinum-flat-court-with-offset-claw-set-diamonds.html,https://marlows-diamonds.co.uk/product-category/engagement-rings
https://marlows-diamonds.co.uk/wedding-rings/diamond-rings/platinum-3mm-9-diamond-rubover-wedding-band.html,https://marlows-diamonds.co.uk/product-category/engagement-rings
https://marlows-diamonds.co.uk/wedding-rings/diamond-rings/platinum-3mm-millgrain-set-diamond-band.html,https://marlows-diamonds.co.uk/product-category/engagement-rings
https://marlows-diamonds.co.uk/wedding-rings/diamond-rings/platinum-4mm-flat-court-offset-with-diamonds.html,https://marlows-diamonds.co.uk/product-category/engagement-rings
https://marlows-diamonds.co.uk/wedding-rings/diamond-rings/platinum-beaded-edge-diamond-set-wedding-band.html,https://marlows-diamonds.co.uk/product-category/engagement-rings
https://marlows-diamonds.co.uk/wedding-rings/diamond-rings/platinum-diamond-millgrain-set-wedding-band.html,https://marlows-diamonds.co.uk/product-category/engagement-rings
https://marlows-diamonds.co.uk/wedding-rings/diamond-rings/round-brilliant-cut-diamond-set-wedding-band-wg14.html,https://marlows-diamonds.co.uk/product-category/engagement-rings
https://marlows-diamonds.co.uk/wedding-rings/for-her,https://marlows-diamonds.co.uk/product-category/wedding-rings/womens
https://marlows-diamonds.co.uk/wedding-rings/for-him,https://marlows-diamonds.co.uk/product-category/wedding-rings/mens
https://marlows-diamonds.co.uk/wedding-rings/his-and-hers-rings,https://marlows-diamonds.co.uk/product-category/wedding-rings
https://marlows-diamonds.co.uk/product-category/wedding-rings/mens,https://marlows-diamonds.co.uk/product-category/wedding-rings/mens
https://marlows-diamonds.co.uk/wedding-rings/mens/diamond-set,https://marlows-diamonds.co.uk/product-category/wedding-rings/mens/diamond-band
https://marlows-diamonds.co.uk/wedding-rings/plain-rings,https://marlows-diamonds.co.uk/product-category/wedding-rings
https://marlows-diamonds.co.uk/wedding-rings/plain-rings/bead-edge-design-wedding-band-bm.html,https://marlows-diamonds.co.uk/product-category/wedding-rings
https://marlows-diamonds.co.uk/wedding-rings/plain-rings/bevel-edge-design-wedding-band-bbe.html,https://marlows-diamonds.co.uk/product-category/wedding-rings
https://marlows-diamonds.co.uk/wedding-rings/plain-rings/concave-design-wedding-band-bwr.html,https://marlows-diamonds.co.uk/product-category/wedding-rings
https://marlows-diamonds.co.uk/wedding-rings/plain-rings/court-design-wedding-band-bc.html,https://marlows-diamonds.co.uk/product-category/wedding-rings
https://marlows-diamonds.co.uk/wedding-rings/plain-rings/d-shaped-wedding-band-bd.html,https://marlows-diamonds.co.uk/product-category/wedding-rings
https://marlows-diamonds.co.uk/wedding-rings/plain-rings/flat-court-design-wedding-band-bfc.html,https://marlows-diamonds.co.uk/product-category/wedding-rings
https://marlows-diamonds.co.uk/wedding-rings/plain-rings/flat-design-wedding-band-bf.html,https://marlows-diamonds.co.uk/product-category/wedding-rings
https://marlows-diamonds.co.uk/wedding-rings/plain-rings/luxury-court-wedding-ring.html,https://marlows-diamonds.co.uk/product-category/wedding-rings
https://marlows-diamonds.co.uk/wedding-rings/wedding-ring-category-list,https://marlows-diamonds.co.uk/product-category/wedding-rings
https://marlows-diamonds.co.uk/wedding-rings/wedding-rings-birmingham,https://marlows-diamonds.co.uk/product-category/wedding-rings
https://marlows-diamonds.co.uk/wedding-rings/womens,https://marlows-diamonds.co.uk/product-category/wedding-rings/womens
https://marlows-diamonds.co.uk/wedding-rings/womens/diamond-eternity,https://marlows-diamonds.co.uk/product-category/eternity-rings
https://marlows-diamonds.co.uk/wedding-rings/womens/plain-wedding-bands,https://marlows-diamonds.co.uk/product-category/wedding-rings/womens/plain-band-womens
https://marlows-diamonds.co.uk/customer-care-and-returns,https://marlows-diamonds.co.uk/delivery-and-returns-policy
https://marlows-diamonds.co.uk/site-map.html,https://marlows-diamonds.co.uk/sitemap
https://marlows-diamonds.co.uk/livediamond/thankyou/contactus,https://marlows-diamonds.co.uk/visit-us
https://marlows-diamonds.co.uk/how-to-find-us,https://marlows-diamonds.co.uk/visit-us
https://marlows-diamonds.co.uk/how-to-find-us.html,https://marlows-diamonds.co.uk/visit-us
https://marlows-diamonds.co.uk/contact,https://marlows-diamonds.co.uk/visit-us
https://marlows-diamonds.co.uk/contact-us,https://marlows-diamonds.co.uk/visit-us
https://marlows-diamonds.co.uk/contact-us.html,https://marlows-diamonds.co.uk/visit-us
https://marlows-diamonds.co.uk/delivery-times.php,https://marlows-diamonds.co.uk/
https://marlows-diamonds.co.uk/news/diamond-engagement-rings/a-cut-above-the-rest.html,https://marlows-diamonds.co.uk/blog
https://marlows-diamonds.co.uk/news/diamond-engagement-rings/showing-off-your-engagement-ring.html,https://marlows-diamonds.co.uk/blog
https://marlows-diamonds.co.uk/news/diamond-rings/a-tradition-through-the-ages.html,https://marlows-diamonds.co.uk/blog
https://marlows-diamonds.co.uk/news/wedding-rings/choosing-a-ring-for-a-2013-wedding.html,https://marlows-diamonds.co.uk/blog/choosing-a-ring-for-a-2013-wedding
https://marlows-diamonds.co.uk/news/diamonds/things-to-look-for-when-choosing-diamonds.html,https://marlows-diamonds.co.uk/blog/choosing-diamond-earrings
https://marlows-diamonds.co.uk/news/diamond-rings/eternity-rings-with-that-extra-sparkle-2.html,https://marlows-diamonds.co.uk/blog/choosing-the-perfect-eternity-ring
https://marlows-diamonds.co.uk/news/diamond-rings/diamond-rings-%e2%80%93-the-perfect-gift-for-every-occasion.html,https://marlows-diamonds.co.uk/blog/diamond-rings-the-perfect-gift-for-every-occasion
https://marlows-diamonds.co.uk/news/diamond-engagement-rings/engagement-rings-can-be-affordable.html,https://marlows-diamonds.co.uk/blog/engagement-rings-can-be-affordable
https://marlows-diamonds.co.uk/news/diamonds/ethically-sourced-diamond-jewellery-you-can-buy-with-confidence.html,https://marlows-diamonds.co.uk/blog/ethically-sourced-diamond-jewellery-you-can-buy-with-confidence
https://marlows-diamonds.co.uk/news/engagement-rings/average-engagement-ring-spend.html,https://marlows-diamonds.co.uk/blog/how-much-is-she-worth-average-engagement-ring-spend-revealed
https://marlows-diamonds.co.uk/news/diamond-engagement-rings/the-perfect-proposal.html,https://marlows-diamonds.co.uk/blog/how-to-choose-diamond-rings-for-a-proposal
https://marlows-diamonds.co.uk/round-brilliant-cut-engagement-rings,https://marlows-diamonds.co.uk/blog/round-brilliant-diamonds-are-perfect-for-engagement-rings
https://marlows-diamonds.co.uk/news/diamonds/a-simple-look-at-diamond-clarity.html,https://marlows-diamonds.co.uk/blog/what-are-clarity-enhanced-diamonds
https://marlows-diamonds.co.uk/news/other-jewellery/diamond-shopping-without-the-hassle.html,https://marlows-diamonds.co.uk/blog/your-one-stop-diamond-earrings-shop
https://marlows-diamonds.co.uk/diamond-education.php,https://marlows-diamonds.co.uk/diamond-education
https://marlows-diamonds.co.uk/eng056,https://marlows-diamonds.co.uk/product-category/engagement-rings
https://marlows-diamonds.co.uk/engagement,https://marlows-diamonds.co.uk/product-category/engagement-rings
https://marlows-diamonds.co.uk/product-category,https://marlows-diamonds.co.uk/product-category/engagement-rings
https://marlows-diamonds.co.uk/marlows-gia-certified-diamonds,https://marlows-diamonds.co.uk/gia-certified-diamonds
https://marlows-diamonds.co.uk/27527-2,https://marlows-diamonds.co.uk/product-category/engagement-rings
https://marlows-diamonds.co.uk/30-day-returns,https://marlows-diamonds.co.uk/product-category/engagement-rings
https://marlows-diamonds.co.uk/50001,https://marlows-diamonds.co.uk/product-category/engagement-rings
https://marlows-diamonds.co.uk/50002,https://marlows-diamonds.co.uk/product-category/engagement-rings
https://marlows-diamonds.co.uk/50003,https://marlows-diamonds.co.uk/product-category/engagement-rings
https://marlows-diamonds.co.uk/50004,https://marlows-diamonds.co.uk/product-category/engagement-rings
https://marlows-diamonds.co.uk/50005,https://marlows-diamonds.co.uk/product-category/engagement-rings
https://marlows-diamonds.co.uk/50006,https://marlows-diamonds.co.uk/product-category/engagement-rings
https://marlows-diamonds.co.uk/all-engagement-rings,https://marlows-diamonds.co.uk/product-category/engagement-rings
https://marlows-diamonds.co.uk/birmingham-engagement-rings,https://marlows-diamonds.co.uk/product-category/engagement-rings
https://marlows-diamonds.co.uk/crossover-engagement-ring,https://marlows-diamonds.co.uk/product-category/engagement-rings
https://marlows-diamonds.co.uk/diamond-engagement-rings,https://marlows-diamonds.co.uk/product-category/engagement-rings
https://marlows-diamonds.co.uk/ds001,https://marlows-diamonds.co.uk/product-category/engagement-rings
https://marlows-diamonds.co.uk/ds002,https://marlows-diamonds.co.uk/product-category/engagement-rings
https://marlows-diamonds.co.uk/ds003,https://marlows-diamonds.co.uk/product-category/engagement-rings
https://marlows-diamonds.co.uk/ds004,https://marlows-diamonds.co.uk/product-category/engagement-rings
https://marlows-diamonds.co.uk/ds005,https://marlows-diamonds.co.uk/product-category/engagement-rings
https://marlows-diamonds.co.uk/ds006,https://marlows-diamonds.co.uk/product-category/engagement-rings
https://marlows-diamonds.co.uk/ds007,https://marlows-diamonds.co.uk/product-category/engagement-rings
https://marlows-diamonds.co.uk/ds008,https://marlows-diamonds.co.uk/product-category/engagement-rings
https://marlows-diamonds.co.uk/ds009,https://marlows-diamonds.co.uk/product-category/engagement-rings
https://marlows-diamonds.co.uk/ds010,https://marlows-diamonds.co.uk/product-category/engagement-rings
https://marlows-diamonds.co.uk/ds011,https://marlows-diamonds.co.uk/product-category/engagement-rings
https://marlows-diamonds.co.uk/ds012,https://marlows-diamonds.co.uk/product-category/engagement-rings
https://marlows-diamonds.co.uk/ds013,https://marlows-diamonds.co.uk/product-category/engagement-rings
https://marlows-diamonds.co.uk/ds014,https://marlows-diamonds.co.uk/product-category/engagement-rings
https://marlows-diamonds.co.uk/ds015,https://marlows-diamonds.co.uk/product-category/engagement-rings
https://marlows-diamonds.co.uk/ds016,https://marlows-diamonds.co.uk/product-category/engagement-rings
https://marlows-diamonds.co.uk/ds017,https://marlows-diamonds.co.uk/product-category/engagement-rings
https://marlows-diamonds.co.uk/ds018,https://marlows-diamonds.co.uk/product-category/engagement-rings
https://marlows-diamonds.co.uk/ds019,https://marlows-diamonds.co.uk/product-category/engagement-rings
https://marlows-diamonds.co.uk/ds020,https://marlows-diamonds.co.uk/product-category/engagement-rings
https://marlows-diamonds.co.uk/ds021,https://marlows-diamonds.co.uk/product-category/engagement-rings
https://marlows-diamonds.co.uk/ds022,https://marlows-diamonds.co.uk/product-category/engagement-rings
https://marlows-diamonds.co.uk/ds023,https://marlows-diamonds.co.uk/product-category/engagement-rings
https://marlows-diamonds.co.uk/ds024,https://marlows-diamonds.co.uk/product-category/engagement-rings
https://marlows-diamonds.co.uk/ds025,https://marlows-diamonds.co.uk/product-category/engagement-rings
https://marlows-diamonds.co.uk/ds026,https://marlows-diamonds.co.uk/product-category/engagement-rings
https://marlows-diamonds.co.uk/ds027,https://marlows-diamonds.co.uk/product-category/engagement-rings
https://marlows-diamonds.co.uk/ds028,https://marlows-diamonds.co.uk/product-category/engagement-rings
https://marlows-diamonds.co.uk/e1002-050,https://marlows-diamonds.co.uk/product-category/engagement-rings
https://marlows-diamonds.co.uk/e1003-080,https://marlows-diamonds.co.uk/product-category/engagement-rings
https://marlows-diamonds.co.uk/e1004-365,https://marlows-diamonds.co.uk/product-category/engagement-rings
https://marlows-diamonds.co.uk/e1005,https://marlows-diamonds.co.uk/product-category/engagement-rings
https://marlows-diamonds.co.uk/e1011-056,https://marlows-diamonds.co.uk/product-category/engagement-rings
https://marlows-diamonds.co.uk/e1012-075,https://marlows-diamonds.co.uk/product-category/engagement-rings
https://marlows-diamonds.co.uk/e1013-075,https://marlows-diamonds.co.uk/product-category/engagement-rings
https://marlows-diamonds.co.uk/e1019-070,https://marlows-diamonds.co.uk/product-category/engagement-rings
https://marlows-diamonds.co.uk/e1030-070,https://marlows-diamonds.co.uk/product-category/engagement-rings
https://marlows-diamonds.co.uk/e1040b2210,https://marlows-diamonds.co.uk/product-category/engagement-rings
https://marlows-diamonds.co.uk/e1041-160,https://marlows-diamonds.co.uk/product-category/engagement-rings
https://marlows-diamonds.co.uk/e1045-075,https://marlows-diamonds.co.uk/product-category/engagement-rings
https://marlows-diamonds.co.uk/e1046-100,https://marlows-diamonds.co.uk/product-category/engagement-rings
https://marlows-diamonds.co.uk/e1051-100,https://marlows-diamonds.co.uk/product-category/engagement-rings
https://marlows-diamonds.co.uk/e1103-075,https://marlows-diamonds.co.uk/product-category/engagement-rings
https://marlows-diamonds.co.uk/e1220,https://marlows-diamonds.co.uk/product-category/engagement-rings
https://marlows-diamonds.co.uk/e2000-150,https://marlows-diamonds.co.uk/product-category/engagement-rings
https://marlows-diamonds.co.uk/e2005-025,https://marlows-diamonds.co.uk/product-category/engagement-rings
https://marlows-diamonds.co.uk/e2006-045,https://marlows-diamonds.co.uk/product-category/engagement-rings
https://marlows-diamonds.co.uk/e2007-056,https://marlows-diamonds.co.uk/product-category/engagement-rings
https://marlows-diamonds.co.uk/e2008-100,https://marlows-diamonds.co.uk/product-category/engagement-rings
https://marlows-diamonds.co.uk/e2015-100,https://marlows-diamonds.co.uk/product-category/engagement-rings
https://marlows-diamonds.co.uk/e2016-105,https://marlows-diamonds.co.uk/product-category/engagement-rings
https://marlows-diamonds.co.uk/e2017-150,https://marlows-diamonds.co.uk/product-category/engagement-rings
https://marlows-diamonds.co.uk/e2023-050,https://marlows-diamonds.co.uk/product-category/engagement-rings
https://marlows-diamonds.co.uk/e2027-100,https://marlows-diamonds.co.uk/product-category/engagement-rings
https://marlows-diamonds.co.uk/e2040-100,https://marlows-diamonds.co.uk/product-category/engagement-rings
https://marlows-diamonds.co.uk/e2117-175,https://marlows-diamonds.co.uk/product-category/engagement-rings
https://marlows-diamonds.co.uk/e3102-100,https://marlows-diamonds.co.uk/product-category/engagement-rings
https://marlows-diamonds.co.uk/e5000-015,https://marlows-diamonds.co.uk/product-category/engagement-rings
https://marlows-diamonds.co.uk/e5012-100,https://marlows-diamonds.co.uk/product-category/engagement-rings
https://marlows-diamonds.co.uk/e5020-075,https://marlows-diamonds.co.uk/product-category/engagement-rings
https://marlows-diamonds.co.uk/e5022-100,https://marlows-diamonds.co.uk/product-category/engagement-rings
https://marlows-diamonds.co.uk/e5030-050,https://marlows-diamonds.co.uk/product-category/engagement-rings
https://marlows-diamonds.co.uk/e5031-0.50,https://marlows-diamonds.co.uk/product-category/engagement-rings
https://marlows-diamonds.co.uk/e5034-075,https://marlows-diamonds.co.uk/product-category/engagement-rings
https://marlows-diamonds.co.uk/e5035,https://marlows-diamonds.co.uk/product-category/engagement-rings
https://marlows-diamonds.co.uk/e5038-075,https://marlows-diamonds.co.uk/product-category/engagement-rings
https://marlows-diamonds.co.uk/e5039-040,https://marlows-diamonds.co.uk/product-category/engagement-rings
https://marlows-diamonds.co.uk/e5042-075,https://marlows-diamonds.co.uk/product-category/engagement-rings
https://marlows-diamonds.co.uk/e5043-050,https://marlows-diamonds.co.uk/product-category/engagement-rings
https://marlows-diamonds.co.uk/e5044-050,https://marlows-diamonds.co.uk/product-category/engagement-rings
https://marlows-diamonds.co.uk/e5045-075,https://marlows-diamonds.co.uk/product-category/engagement-rings
https://marlows-diamonds.co.uk/el1031-085,https://marlows-diamonds.co.uk/product-category/engagement-rings
https://marlows-diamonds.co.uk/el1031-100,https://marlows-diamonds.co.uk/product-category/engagement-rings
https://marlows-diamonds.co.uk/el1033-125,https://marlows-diamonds.co.uk/product-category/engagement-rings
https://marlows-diamonds.co.uk/el1034-150,https://marlows-diamonds.co.uk/product-category/engagement-rings
https://marlows-diamonds.co.uk/el1050-325,https://marlows-diamonds.co.uk/product-category/engagement-rings
https://marlows-diamonds.co.uk/eng001,https://marlows-diamonds.co.uk/product-category/engagement-rings
https://marlows-diamonds.co.uk/eng002,https://marlows-diamonds.co.uk/product-category/engagement-rings
https://marlows-diamonds.co.uk/eng003,https://marlows-diamonds.co.uk/product-category/engagement-rings
https://marlows-diamonds.co.uk/eng004,https://marlows-diamonds.co.uk/product-category/engagement-rings
https://marlows-diamonds.co.uk/eng005,https://marlows-diamonds.co.uk/product-category/engagement-rings
https://marlows-diamonds.co.uk/eng006,https://marlows-diamonds.co.uk/product-category/engagement-rings
https://marlows-diamonds.co.uk/eng007,https://marlows-diamonds.co.uk/product-category/engagement-rings
https://marlows-diamonds.co.uk/eng008,https://marlows-diamonds.co.uk/product-category/engagement-rings
https://marlows-diamonds.co.uk/eng009,https://marlows-diamonds.co.uk/product-category/engagement-rings
https://marlows-diamonds.co.uk/eng010,https://marlows-diamonds.co.uk/product-category/engagement-rings
https://marlows-diamonds.co.uk/eng011,https://marlows-diamonds.co.uk/product-category/engagement-rings
https://marlows-diamonds.co.uk/eng012,https://marlows-diamonds.co.uk/product-category/engagement-rings
https://marlows-diamonds.co.uk/eng013,https://marlows-diamonds.co.uk/product-category/engagement-rings
https://marlows-diamonds.co.uk/eng014,https://marlows-diamonds.co.uk/product-category/engagement-rings
https://marlows-diamonds.co.uk/eng015,https://marlows-diamonds.co.uk/product-category/engagement-rings
https://marlows-diamonds.co.uk/eng016,https://marlows-diamonds.co.uk/product-category/engagement-rings
https://marlows-diamonds.co.uk/eng017,https://marlows-diamonds.co.uk/product-category/engagement-rings
https://marlows-diamonds.co.uk/eng018,https://marlows-diamonds.co.uk/product-category/engagement-rings
https://marlows-diamonds.co.uk/eng019,https://marlows-diamonds.co.uk/product-category/engagement-rings
https://marlows-diamonds.co.uk/eng020,https://marlows-diamonds.co.uk/product-category/engagement-rings
https://marlows-diamonds.co.uk/eng021,https://marlows-diamonds.co.uk/product-category/engagement-rings
https://marlows-diamonds.co.uk/eng022,https://marlows-diamonds.co.uk/product-category/engagement-rings
https://marlows-diamonds.co.uk/eng023,https://marlows-diamonds.co.uk/product-category/engagement-rings
https://marlows-diamonds.co.uk/eng024,https://marlows-diamonds.co.uk/product-category/engagement-rings
https://marlows-diamonds.co.uk/eng025,https://marlows-diamonds.co.uk/product-category/engagement-rings
https://marlows-diamonds.co.uk/eng026,https://marlows-diamonds.co.uk/product-category/engagement-rings
https://marlows-diamonds.co.uk/eng027,https://marlows-diamonds.co.uk/product-category/engagement-rings
https://marlows-diamonds.co.uk/eng028,https://marlows-diamonds.co.uk/product-category/engagement-rings
https://marlows-diamonds.co.uk/eng029,https://marlows-diamonds.co.uk/product-category/engagement-rings
https://marlows-diamonds.co.uk/eng030,https://marlows-diamonds.co.uk/product-category/engagement-rings
https://marlows-diamonds.co.uk/eng031,https://marlows-diamonds.co.uk/product-category/engagement-rings
https://marlows-diamonds.co.uk/eng032,https://marlows-diamonds.co.uk/product-category/engagement-rings
https://marlows-diamonds.co.uk/eng033,https://marlows-diamonds.co.uk/product-category/engagement-rings
https://marlows-diamonds.co.uk/eng034,https://marlows-diamonds.co.uk/product-category/engagement-rings
https://marlows-diamonds.co.uk/eng035,https://marlows-diamonds.co.uk/product-category/engagement-rings
https://marlows-diamonds.co.uk/eng036,https://marlows-diamonds.co.uk/product-category/engagement-rings
https://marlows-diamonds.co.uk/eng037,https://marlows-diamonds.co.uk/product-category/engagement-rings
https://marlows-diamonds.co.uk/eng038,https://marlows-diamonds.co.uk/product-category/engagement-rings
https://marlows-diamonds.co.uk/eng039,https://marlows-diamonds.co.uk/product-category/engagement-rings
https://marlows-diamonds.co.uk/eng040,https://marlows-diamonds.co.uk/product-category/engagement-rings
https://marlows-diamonds.co.uk/eng041,https://marlows-diamonds.co.uk/product-category/engagement-rings
https://marlows-diamonds.co.uk/eng042,https://marlows-diamonds.co.uk/product-category/engagement-rings
https://marlows-diamonds.co.uk/eng043,https://marlows-diamonds.co.uk/product-category/engagement-rings
https://marlows-diamonds.co.uk/eng044,https://marlows-diamonds.co.uk/product-category/engagement-rings
https://marlows-diamonds.co.uk/eng045,https://marlows-diamonds.co.uk/product-category/engagement-rings
https://marlows-diamonds.co.uk/eng046,https://marlows-diamonds.co.uk/product-category/engagement-rings
https://marlows-diamonds.co.uk/eng047,https://marlows-diamonds.co.uk/product-category/engagement-rings
https://marlows-diamonds.co.uk/eng048,https://marlows-diamonds.co.uk/product-category/engagement-rings
https://marlows-diamonds.co.uk/eng049,https://marlows-diamonds.co.uk/product-category/engagement-rings
https://marlows-diamonds.co.uk/eng050,https://marlows-diamonds.co.uk/product-category/engagement-rings
https://marlows-diamonds.co.uk/eng051,https://marlows-diamonds.co.uk/product-category/engagement-rings
https://marlows-diamonds.co.uk/eng052,https://marlows-diamonds.co.uk/product-category/engagement-rings
https://marlows-diamonds.co.uk/eng053,https://marlows-diamonds.co.uk/product-category/engagement-rings
https://marlows-diamonds.co.uk/eng054,https://marlows-diamonds.co.uk/product-category/engagement-rings
https://marlows-diamonds.co.uk/eng055,https://marlows-diamonds.co.uk/product-category/engagement-rings
https://marlows-diamonds.co.uk/eng057,https://marlows-diamonds.co.uk/product-category/engagement-rings
https://marlows-diamonds.co.uk/eng058,https://marlows-diamonds.co.uk/product-category/engagement-rings
https://marlows-diamonds.co.uk/eng059,https://marlows-diamonds.co.uk/product-category/engagement-rings
https://marlows-diamonds.co.uk/eng060,https://marlows-diamonds.co.uk/product-category/engagement-rings
https://marlows-diamonds.co.uk/eng061,https://marlows-diamonds.co.uk/product-category/engagement-rings
https://marlows-diamonds.co.uk/eng062,https://marlows-diamonds.co.uk/product-category/engagement-rings
https://marlows-diamonds.co.uk/eng063,https://marlows-diamonds.co.uk/product-category/engagement-rings
https://marlows-diamonds.co.uk/eng064,https://marlows-diamonds.co.uk/product-category/engagement-rings
https://marlows-diamonds.co.uk/eng065,https://marlows-diamonds.co.uk/product-category/engagement-rings
https://marlows-diamonds.co.uk/eng066,https://marlows-diamonds.co.uk/product-category/engagement-rings
https://marlows-diamonds.co.uk/eng067,https://marlows-diamonds.co.uk/product-category/engagement-rings
https://marlows-diamonds.co.uk/eng068,https://marlows-diamonds.co.uk/product-category/engagement-rings
https://marlows-diamonds.co.uk/eng069,https://marlows-diamonds.co.uk/product-category/engagement-rings
https://marlows-diamonds.co.uk/eng070,https://marlows-diamonds.co.uk/product-category/engagement-rings
https://marlows-diamonds.co.uk/engagement-moments,https://marlows-diamonds.co.uk/product-category/engagement-rings
https://marlows-diamonds.co.uk/engagement-rings-new,https://marlows-diamonds.co.uk/product-category/engagement-rings
https://marlows-diamonds.co.uk/engagement-rings/engagement-ring-category-list,https://marlows-diamonds.co.uk/product-category/engagement-rings
https://marlows-diamonds.co.uk/engagement-rings/plain-rings,https://marlows-diamonds.co.uk/product-category/engagement-rings
https://marlows-diamonds.co.uk/et101-f-vs,https://marlows-diamonds.co.uk/product-category/engagement-rings
https://marlows-diamonds.co.uk/et101-h-si,https://marlows-diamonds.co.uk/product-category/engagement-rings
https://marlows-diamonds.co.uk/et102-f-vs,https://marlows-diamonds.co.uk/product-category/engagement-rings
https://marlows-diamonds.co.uk/et102-h-si,https://marlows-diamonds.co.uk/product-category/engagement-rings
https://marlows-diamonds.co.uk/et103-f-vs,https://marlows-diamonds.co.uk/product-category/engagement-rings
https://marlows-diamonds.co.uk/et103-h-si,https://marlows-diamonds.co.uk/product-category/engagement-rings
https://marlows-diamonds.co.uk/et104-f-vs,https://marlows-diamonds.co.uk/product-category/engagement-rings
https://marlows-diamonds.co.uk/et104-h-si,https://marlows-diamonds.co.uk/product-category/engagement-rings
https://marlows-diamonds.co.uk/et105-f-vs,https://marlows-diamonds.co.uk/product-category/engagement-rings
https://marlows-diamonds.co.uk/et105-h-si,https://marlows-diamonds.co.uk/product-category/engagement-rings
https://marlows-diamonds.co.uk/et106-f-vs,https://marlows-diamonds.co.uk/product-category/engagement-rings
https://marlows-diamonds.co.uk/et106-h-si,https://marlows-diamonds.co.uk/product-category/engagement-rings
https://marlows-diamonds.co.uk/et107-f-vs,https://marlows-diamonds.co.uk/product-category/engagement-rings
https://marlows-diamonds.co.uk/et107-h-si,https://marlows-diamonds.co.uk/product-category/engagement-rings
https://marlows-diamonds.co.uk/et108-f-vs,https://marlows-diamonds.co.uk/product-category/engagement-rings
https://marlows-diamonds.co.uk/et108-h-si,https://marlows-diamonds.co.uk/product-category/engagement-rings
https://marlows-diamonds.co.uk/et109-f-vs,https://marlows-diamonds.co.uk/product-category/engagement-rings
https://marlows-diamonds.co.uk/et110-f-vs,https://marlows-diamonds.co.uk/product-category/engagement-rings
https://marlows-diamonds.co.uk/et111-f-vs,https://marlows-diamonds.co.uk/product-category/engagement-rings
https://marlows-diamonds.co.uk/et112-f-g-vs-si,https://marlows-diamonds.co.uk/product-category/engagement-rings
https://marlows-diamonds.co.uk/et113-f-g-vs-si,https://marlows-diamonds.co.uk/product-category/engagement-rings
https://marlows-diamonds.co.uk/et114-f-g-vs-si,https://marlows-diamonds.co.uk/product-category/engagement-rings
https://marlows-diamonds.co.uk/eus4001-100,https://marlows-diamonds.co.uk/product-category/engagement-rings
https://marlows-diamonds.co.uk/eus4002-050,https://marlows-diamonds.co.uk/product-category/engagement-rings
https://marlows-diamonds.co.uk/factory-outlet,https://marlows-diamonds.co.uk/product-category/engagement-rings
https://marlows-diamonds.co.uk/fancy-colour-diamonds,https://marlows-diamonds.co.uk/product-category/engagement-rings
https://marlows-diamonds.co.uk/fancy-shape-rings,https://marlows-diamonds.co.uk/product-category/engagement-rings
https://marlows-diamonds.co.uk/four-claw-engagement-rings,https://marlows-diamonds.co.uk/product-category/engagement-rings
https://marlows-diamonds.co.uk/gem001,https://marlows-diamonds.co.uk/product-category/engagement-rings
https://marlows-diamonds.co.uk/gem002,https://marlows-diamonds.co.uk/product-category/engagement-rings
https://marlows-diamonds.co.uk/gem003,https://marlows-diamonds.co.uk/product-category/engagement-rings
https://marlows-diamonds.co.uk/gem004,https://marlows-diamonds.co.uk/product-category/engagement-rings
https://marlows-diamonds.co.uk/gem005,https://marlows-diamonds.co.uk/product-category/engagement-rings
https://marlows-diamonds.co.uk/gem006,https://marlows-diamonds.co.uk/product-category/engagement-rings
https://marlows-diamonds.co.uk/gem007,https://marlows-diamonds.co.uk/product-category/engagement-rings
https://marlows-diamonds.co.uk/gem008,https://marlows-diamonds.co.uk/product-category/engagement-rings
https://marlows-diamonds.co.uk/gem009,https://marlows-diamonds.co.uk/product-category/engagement-rings
https://marlows-diamonds.co.uk/gem010,https://marlows-diamonds.co.uk/product-category/engagement-rings
https://marlows-diamonds.co.uk/gem011,https://marlows-diamonds.co.uk/product-category/engagement-rings
https://marlows-diamonds.co.uk/gem012,https://marlows-diamonds.co.uk/product-category/engagement-rings
https://marlows-diamonds.co.uk/gem013,https://marlows-diamonds.co.uk/product-category/engagement-rings
https://marlows-diamonds.co.uk/gem014,https://marlows-diamonds.co.uk/product-category/engagement-rings
https://marlows-diamonds.co.uk/gem015,https://marlows-diamonds.co.uk/product-category/engagement-rings
https://marlows-diamonds.co.uk/gem016,https://marlows-diamonds.co.uk/product-category/engagement-rings
https://marlows-diamonds.co.uk/gem017,https://marlows-diamonds.co.uk/product-category/engagement-rings
https://marlows-diamonds.co.uk/gitprojects/marlows-diamond/public/engagement-rings,https://marlows-diamonds.co.uk/product-category/engagement-rings
https://marlows-diamonds.co.uk/gitprojects/marlows-diamond/public/p/engagement-rings,https://marlows-diamonds.co.uk/product-category/engagement-rings
https://marlows-diamonds.co.uk/gitprojects/marlows-diamond/public/product-category/engagement-rings,https://marlows-diamonds.co.uk/product-category/engagement-rings
https://marlows-diamonds.co.uk/gitprojects/marlows-diamond/public/product/rare-old-unheated-ceylon-sapphire-ring,https://marlows-diamonds.co.uk/product-category/engagement-rings
https://marlows-diamonds.co.uk/green-diamond-rings,https://marlows-diamonds.co.uk/product-category/engagement-rings
https://marlows-diamonds.co.uk/loose-diamonds/all-products/round-brilliant-cut-diamond.html,https://marlows-diamonds.co.uk/product-category/engagement-rings
https://marlows-diamonds.co.uk/p1001-105,https://marlows-diamonds.co.uk/product-category/engagement-rings
https://marlows-diamonds.co.uk/p1003-125,https://marlows-diamonds.co.uk/product-category/engagement-rings
https://marlows-diamonds.co.uk/p1005b2-150,https://marlows-diamonds.co.uk/product-category/engagement-rings
https://marlows-diamonds.co.uk/p1006-105,https://marlows-diamonds.co.uk/product-category/engagement-rings
https://marlows-diamonds.co.uk/p1008b2-175,https://marlows-diamonds.co.uk/product-category/engagement-rings
https://marlows-diamonds.co.uk/p1010-070,https://marlows-diamonds.co.uk/product-category/engagement-rings
https://marlows-diamonds.co.uk/p1011-0.56,https://marlows-diamonds.co.uk/product-category/engagement-rings
https://marlows-diamonds.co.uk/p1012b2-085,https://marlows-diamonds.co.uk/product-category/engagement-rings
https://marlows-diamonds.co.uk/p1014-100,https://marlows-diamonds.co.uk/product-category/engagement-rings
https://marlows-diamonds.co.uk/p1016-080,https://marlows-diamonds.co.uk/product-category/engagement-rings
https://marlows-diamonds.co.uk/p1046,https://marlows-diamonds.co.uk/product-category/engagement-rings
https://marlows-diamonds.co.uk/p1220-100,https://marlows-diamonds.co.uk/product-category/engagement-rings
https://marlows-diamonds.co.uk/p1946,https://marlows-diamonds.co.uk/product-category/engagement-rings
https://marlows-diamonds.co.uk/p2005-0.20,https://marlows-diamonds.co.uk/product-category/engagement-rings
https://marlows-diamonds.co.uk/p2007b2-056,https://marlows-diamonds.co.uk/product-category/engagement-rings
https://marlows-diamonds.co.uk/p2011-048,https://marlows-diamonds.co.uk/product-category/engagement-rings
https://marlows-diamonds.co.uk/p2017-150,https://marlows-diamonds.co.uk/product-category/engagement-rings
https://marlows-diamonds.co.uk/p2019-220,https://marlows-diamonds.co.uk/product-category/engagement-rings
https://marlows-diamonds.co.uk/p5001-050,https://marlows-diamonds.co.uk/product-category/engagement-rings
https://marlows-diamonds.co.uk/p5022-100,https://marlows-diamonds.co.uk/product-category/engagement-rings
https://marlows-diamonds.co.uk/p5036-050,https://marlows-diamonds.co.uk/product-category/engagement-rings
https://marlows-diamonds.co.uk/p5037-050,https://marlows-diamonds.co.uk/product-category/engagement-rings
https://marlows-diamonds.co.uk/p5038-0.75,https://marlows-diamonds.co.uk/product-category/engagement-rings
https://marlows-diamonds.co.uk/p5044-100,https://marlows-diamonds.co.uk/product-category/engagement-rings
https://marlows-diamonds.co.uk/p5046-100,https://marlows-diamonds.co.uk/product-category/engagement-rings
https://marlows-diamonds.co.uk/pl1022-150,https://marlows-diamonds.co.uk/product-category/engagement-rings
https://marlows-diamonds.co.uk/pl1025-150,https://marlows-diamonds.co.uk/product-category/engagement-rings
https://marlows-diamonds.co.uk/pl1027-250,https://marlows-diamonds.co.uk/product-category/engagement-rings
https://marlows-diamonds.co.uk/pl1028-200,https://marlows-diamonds.co.uk/product-category/engagement-rings
https://marlows-diamonds.co.uk/pl1030-075,https://marlows-diamonds.co.uk/product-category/engagement-rings
https://marlows-diamonds.co.uk/pl1031-065,https://marlows-diamonds.co.uk/product-category/engagement-rings
https://marlows-diamonds.co.uk/pl1031-085,https://marlows-diamonds.co.uk/product-category/engagement-rings
https://marlows-diamonds.co.uk/pl1031-100,https://marlows-diamonds.co.uk/product-category/engagement-rings
https://marlows-diamonds.co.uk/pl1031-200,https://marlows-diamonds.co.uk/product-category/engagement-rings
https://marlows-diamonds.co.uk/pl1031-320,https://marlows-diamonds.co.uk/product-category/engagement-rings
https://marlows-diamonds.co.uk/pl1032-100,https://marlows-diamonds.co.uk/product-category/engagement-rings
https://marlows-diamonds.co.uk/pl1033b2-125,https://marlows-diamonds.co.uk/product-category/engagement-rings
https://marlows-diamonds.co.uk/product-category/all-products,https://marlows-diamonds.co.uk/product-category/engagement-rings
https://marlows-diamonds.co.uk/product-category/solitaire/halo,https://marlows-diamonds.co.uk/product-category/engagement-rings
https://marlows-diamonds.co.uk/product-category/solitaire/multi-stone,https://marlows-diamonds.co.uk/product-category/engagement-rings
https://marlows-diamonds.co.uk/product-tag/engagement,https://marlows-diamonds.co.uk/product-category/engagement-rings
https://marlows-diamonds.co.uk/product-tag/ring,https://marlows-diamonds.co.uk/product-category/engagement-rings
https://marlows-diamonds.co.uk/product/baguette_and_round_diamond_hoops,https://marlows-diamonds.co.uk/product-category/engagement-rings
https://marlows-diamonds.co.uk/product/baguette-and-round-diamond-hoops,https://marlows-diamonds.co.uk/product-category/engagement-rings
https://marlows-diamonds.co.uk/product/bubble-style-diamond-bangle,https://marlows-diamonds.co.uk/product-category/engagement-rings
https://marlows-diamonds.co.uk/product/cora-18ct-diamond-engagement-rings-copy,https://marlows-diamonds.co.uk/product-category/engagement-rings
https://marlows-diamonds.co.uk/product/cx28-as9-amaya,https://marlows-diamonds.co.uk/product-category/engagement-rings
https://marlows-diamonds.co.uk/product/d_s012-2,https://marlows-diamonds.co.uk/product-category/engagement-rings
https://marlows-diamonds.co.uk/product/d-s001-2,https://marlows-diamonds.co.uk/product-category/engagement-rings
https://marlows-diamonds.co.uk/product/d-s002,https://marlows-diamonds.co.uk/product-category/engagement-rings
https://marlows-diamonds.co.uk/product/d-s005,https://marlows-diamonds.co.uk/product-category/engagement-rings
https://marlows-diamonds.co.uk/product/d-s006,https://marlows-diamonds.co.uk/product-category/engagement-rings
https://marlows-diamonds.co.uk/product/d-s007,https://marlows-diamonds.co.uk/product-category/engagement-rings
https://marlows-diamonds.co.uk/product/d-s009,https://marlows-diamonds.co.uk/product-category/engagement-rings
https://marlows-diamonds.co.uk/product/d-s010,https://marlows-diamonds.co.uk/product-category/engagement-rings
https://marlows-diamonds.co.uk/product/d-s011,https://marlows-diamonds.co.uk/product-category/engagement-rings
https://marlows-diamonds.co.uk/product/d-s012-2,https://marlows-diamonds.co.uk/product-category/engagement-rings
https://marlows-diamonds.co.uk/product/d-s015,https://marlows-diamonds.co.uk/product-category/engagement-rings
https://marlows-diamonds.co.uk/product/d-s016,https://marlows-diamonds.co.uk/product-category/engagement-rings
https://marlows-diamonds.co.uk/product/d-s017,https://marlows-diamonds.co.uk/product-category/engagement-rings
https://marlows-diamonds.co.uk/product/d-s019,https://marlows-diamonds.co.uk/product-category/engagement-rings
https://marlows-diamonds.co.uk/product/d-s020,https://marlows-diamonds.co.uk/product-category/engagement-rings
https://marlows-diamonds.co.uk/product/d-s021,https://marlows-diamonds.co.uk/product-category/engagement-rings
https://marlows-diamonds.co.uk/product/d-s022,https://marlows-diamonds.co.uk/product-category/engagement-rings
https://marlows-diamonds.co.uk/product/d-s023,https://marlows-diamonds.co.uk/product-category/engagement-rings
https://marlows-diamonds.co.uk/product/d-s024,https://marlows-diamonds.co.uk/product-category/engagement-rings
https://marlows-diamonds.co.uk/product/d-s025,https://marlows-diamonds.co.uk/product-category/engagement-rings
https://marlows-diamonds.co.uk/product/d-s026,https://marlows-diamonds.co.uk/product-category/engagement-rings
https://marlows-diamonds.co.uk/product/d-s028,https://marlows-diamonds.co.uk/product-category/engagement-rings
https://marlows-diamonds.co.uk/product/daisy-diamond-engagement-ring-copy,https://marlows-diamonds.co.uk/product-category/engagement-rings
https://marlows-diamonds.co.uk/product/designer-contemprorary-diamond-bangle,https://marlows-diamonds.co.uk/product-category/engagement-rings
https://marlows-diamonds.co.uk/product/et101-f-vs,https://marlows-diamonds.co.uk/product-category/engagement-rings
https://marlows-diamonds.co.uk/product/et102-f-vs,https://marlows-diamonds.co.uk/product-category/engagement-rings
https://marlows-diamonds.co.uk/product/et103-f-vs,https://marlows-diamonds.co.uk/product-category/engagement-rings
https://marlows-diamonds.co.uk/product/et104-f-vs,https://marlows-diamonds.co.uk/product-category/engagement-rings
https://marlows-diamonds.co.uk/product/et105-f-vs,https://marlows-diamonds.co.uk/product-category/engagement-rings
https://marlows-diamonds.co.uk/product/et106-f-vs,https://marlows-diamonds.co.uk/product-category/engagement-rings
https://marlows-diamonds.co.uk/product/et107-f-vs,https://marlows-diamonds.co.uk/product-category/engagement-rings
https://marlows-diamonds.co.uk/product/et108-f-vs,https://marlows-diamonds.co.uk/product-category/engagement-rings
https://marlows-diamonds.co.uk/product/et109-f-vs,https://marlows-diamonds.co.uk/product-category/engagement-rings
https://marlows-diamonds.co.uk/product/et110-f-vs,https://marlows-diamonds.co.uk/product-category/engagement-rings
https://marlows-diamonds.co.uk/product/et111-f-vs,https://marlows-diamonds.co.uk/product-category/engagement-rings
https://marlows-diamonds.co.uk/product/et112-f-g-vs-si,https://marlows-diamonds.co.uk/product-category/engagement-rings
https://marlows-diamonds.co.uk/product/et113-f-g-vs-si,https://marlows-diamonds.co.uk/product-category/engagement-rings
https://marlows-diamonds.co.uk/product/et114-f-g-vs-si,https://marlows-diamonds.co.uk/product-category/engagement-rings
https://marlows-diamonds.co.uk/product/exquisite-tiara-and-necklace,https://marlows-diamonds.co.uk/product-category/engagement-rings
https://marlows-diamonds.co.uk/product/extremely-rare-round-argyle-pink-diamond-ring,https://marlows-diamonds.co.uk/product-category/engagement-rings
https://marlows-diamonds.co.uk/product/extremely-rare-unheated-burma-ruby-ring,https://marlows-diamonds.co.uk/product-category/engagement-rings
https://marlows-diamonds.co.uk/product/full-set-diamond-hoops,https://marlows-diamonds.co.uk/product-category/engagement-rings
https://marlows-diamonds.co.uk/product/full-set-diamond-hoops-1,https://marlows-diamonds.co.uk/product-category/engagement-rings
https://marlows-diamonds.co.uk/product/hinged-bangle-set,https://marlows-diamonds.co.uk/product-category/engagement-rings
https://marlows-diamonds.co.uk/product/lucia,https://marlows-diamonds.co.uk/product-category/engagement-rings
https://marlows-diamonds.co.uk/product/lucia-2,https://marlows-diamonds.co.uk/product-category/engagement-rings
https://marlows-diamonds.co.uk/product/lucia-3,https://marlows-diamonds.co.uk/product-category/engagement-rings
https://marlows-diamonds.co.uk/product/oval-fancy-yellow-diamond-ring,https://marlows-diamonds.co.uk/product-category/engagement-rings
https://marlows-diamonds.co.uk/product/rare-old-unheated-ceylon-sapphire-ring,https://marlows-diamonds.co.uk/product-category/engagement-rings
https://marlows-diamonds.co.uk/product/rare-pink-diamond-cluster-ring,https://marlows-diamonds.co.uk/product-category/engagement-rings
https://marlows-diamonds.co.uk/product/rose,https://marlows-diamonds.co.uk/product-category/engagement-rings
https://marlows-diamonds.co.uk/product/rubover-style-twist-diamond-hoops,https://marlows-diamonds.co.uk/product-category/engagement-rings
https://marlows-diamonds.co.uk/product/stunning-twist-diamond-hoops,https://marlows-diamonds.co.uk/product-category/engagement-rings
https://marlows-diamonds.co.uk/product/test-auction-one,https://marlows-diamonds.co.uk/product-category/engagement-rings
https://marlows-diamonds.co.uk/product/three-row-vintage-pearl-necklace,https://marlows-diamonds.co.uk/product-category/engagement-rings
https://marlows-diamonds.co.uk/product/torq-style-bangle-set,https://marlows-diamonds.co.uk/product-category/engagement-rings
https://marlows-diamonds.co.uk/product/triple-row-diamond-hoops,https://marlows-diamonds.co.uk/product-category/engagement-rings
https://marlows-diamonds.co.uk/product/unusual-yellow-tanzanite-ring,https://marlows-diamonds.co.uk/product-category/engagement-rings
https://marlows-diamonds.co.uk/product/vivid-yellow-diamond-cluster-ring,https://marlows-diamonds.co.uk/product-category/engagement-rings
https://marlows-diamonds.co.uk/product/wed011-f-g-vs-si,https://marlows-diamonds.co.uk/product-category/engagement-rings
https://marlows-diamonds.co.uk/product/wed012-f-g-vs-si,https://marlows-diamonds.co.uk/product-category/engagement-rings
https://marlows-diamonds.co.uk/product/wed013-f-g-vs-si,https://marlows-diamonds.co.uk/product-category/engagement-rings
https://marlows-diamonds.co.uk/product/wed014-f-g-vs-si,https://marlows-diamonds.co.uk/product-category/engagement-rings
https://marlows-diamonds.co.uk/product/wed015-f-g-vs-si,https://marlows-diamonds.co.uk/product-category/engagement-rings
https://marlows-diamonds.co.uk/product/wed016-f-g-vs-si,https://marlows-diamonds.co.uk/product-category/engagement-rings
https://marlows-diamonds.co.uk/product/wed017-f-g-vs-si,https://marlows-diamonds.co.uk/product-category/engagement-rings
https://marlows-diamonds.co.uk/product/wed018-f-g-vs-si,https://marlows-diamonds.co.uk/product-category/engagement-rings
https://marlows-diamonds.co.uk/product/wed019-f-g-vs-si,https://marlows-diamonds.co.uk/product-category/engagement-rings
https://marlows-diamonds.co.uk/product/wed020-f-g-vs-si,https://marlows-diamonds.co.uk/product-category/engagement-rings
https://marlows-diamonds.co.uk/product/wed023-f-g-vs-si,https://marlows-diamonds.co.uk/product-category/engagement-rings
https://marlows-diamonds.co.uk/product/wed024-f-g-vs-si,https://marlows-diamonds.co.uk/product-category/engagement-rings
https://marlows-diamonds.co.uk/product/wed024-f-g-vs-si-2,https://marlows-diamonds.co.uk/product-category/engagement-rings
https://marlows-diamonds.co.uk/product/wed026-f-g-vs-si,https://marlows-diamonds.co.uk/product-category/engagement-rings
https://marlows-diamonds.co.uk/product/wed027-f-g-vs-si,https://marlows-diamonds.co.uk/product-category/engagement-rings
https://marlows-diamonds.co.uk/product/womens-wed021,https://marlows-diamonds.co.uk/product-category/engagement-rings
https://marlows-diamonds.co.uk/product/womens-wed022,https://marlows-diamonds.co.uk/product-category/engagement-rings
https://marlows-diamonds.co.uk/product/womens-wed023,https://marlows-diamonds.co.uk/product-category/engagement-rings
https://marlows-diamonds.co.uk/product/womens-wed024,https://marlows-diamonds.co.uk/product-category/engagement-rings
https://marlows-diamonds.co.uk/product/womens-wed025,https://marlows-diamonds.co.uk/product-category/engagement-rings
https://marlows-diamonds.co.uk/product/womens-wed040,https://marlows-diamonds.co.uk/product-category/engagement-rings
https://marlows-diamonds.co.uk/product/yellow-gold-tiara,https://marlows-diamonds.co.uk/product-category/engagement-rings
https://marlows-diamonds.co.uk/products/payment-success,https://marlows-diamonds.co.uk/product-category/engagement-rings
https://marlows-diamonds.co.uk/pus4001-075,https://marlows-diamonds.co.uk/product-category/engagement-rings
https://marlows-diamonds.co.uk/pus4002-075,https://marlows-diamonds.co.uk/product-category/engagement-rings
https://marlows-diamonds.co.uk/pus4003-075,https://marlows-diamonds.co.uk/product-category/engagement-rings
https://marlows-diamonds.co.uk/pus4004-100,https://marlows-diamonds.co.uk/product-category/engagement-rings
https://marlows-diamonds.co.uk/pus4014-050,https://marlows-diamonds.co.uk/product-category/engagement-rings
https://marlows-diamonds.co.uk/r1001-028,https://marlows-diamonds.co.uk/product-category/engagement-rings
https://marlows-diamonds.co.uk/r1002-135,https://marlows-diamonds.co.uk/product-category/engagement-rings
https://marlows-diamonds.co.uk/r1005-070,https://marlows-diamonds.co.uk/product-category/engagement-rings
https://marlows-diamonds.co.uk/r1007-090,https://marlows-diamonds.co.uk/product-category/engagement-rings
https://marlows-diamonds.co.uk/r1008-080,https://marlows-diamonds.co.uk/product-category/engagement-rings
https://marlows-diamonds.co.uk/r1009-0.90,https://marlows-diamonds.co.uk/product-category/engagement-rings
https://marlows-diamonds.co.uk/r1010-150,https://marlows-diamonds.co.uk/product-category/engagement-rings
https://marlows-diamonds.co.uk/r1011-0.28,https://marlows-diamonds.co.uk/product-category/engagement-rings
https://marlows-diamonds.co.uk/r1014-100,https://marlows-diamonds.co.uk/product-category/engagement-rings
https://marlows-diamonds.co.uk/r1019-070,https://marlows-diamonds.co.uk/product-category/engagement-rings
https://marlows-diamonds.co.uk/r1020-140,https://marlows-diamonds.co.uk/product-category/engagement-rings
https://marlows-diamonds.co.uk/r1021-160,https://marlows-diamonds.co.uk/product-category/engagement-rings
https://marlows-diamonds.co.uk/r1022-105,https://marlows-diamonds.co.uk/product-category/engagement-rings
https://marlows-diamonds.co.uk/r1023b2-100,https://marlows-diamonds.co.uk/product-category/engagement-rings
https://marlows-diamonds.co.uk/r1024-140,https://marlows-diamonds.co.uk/product-category/engagement-rings
https://marlows-diamonds.co.uk/r1026-090,https://marlows-diamonds.co.uk/product-category/engagement-rings
https://marlows-diamonds.co.uk/r1027b2-100,https://marlows-diamonds.co.uk/product-category/engagement-rings
https://marlows-diamonds.co.uk/r1028-125,https://marlows-diamonds.co.uk/product-category/engagement-rings
https://marlows-diamonds.co.uk/r1032b2-100,https://marlows-diamonds.co.uk/product-category/engagement-rings
https://marlows-diamonds.co.uk/r1040-125,https://marlows-diamonds.co.uk/product-category/engagement-rings
https://marlows-diamonds.co.uk/r1041-0.80,https://marlows-diamonds.co.uk/product-category/engagement-rings
https://marlows-diamonds.co.uk/r1042,https://marlows-diamonds.co.uk/product-category/engagement-rings
https://marlows-diamonds.co.uk/r1043-112,https://marlows-diamonds.co.uk/product-category/engagement-rings
https://marlows-diamonds.co.uk/r1044b2-100,https://marlows-diamonds.co.uk/product-category/engagement-rings
https://marlows-diamonds.co.uk/r1045,https://marlows-diamonds.co.uk/product-category/engagement-rings
https://marlows-diamonds.co.uk/r1045-100n,https://marlows-diamonds.co.uk/product-category/engagement-rings
https://marlows-diamonds.co.uk/r1047b2-175,https://marlows-diamonds.co.uk/product-category/engagement-rings
https://marlows-diamonds.co.uk/r1048-100,https://marlows-diamonds.co.uk/product-category/engagement-rings
https://marlows-diamonds.co.uk/r1049-250,https://marlows-diamonds.co.uk/product-category/engagement-rings
https://marlows-diamonds.co.uk/r1050-150,https://marlows-diamonds.co.uk/product-category/engagement-rings
https://marlows-diamonds.co.uk/r1101b2-165,https://marlows-diamonds.co.uk/product-category/engagement-rings
https://marlows-diamonds.co.uk/r1102-052,https://marlows-diamonds.co.uk/product-category/engagement-rings
https://marlows-diamonds.co.uk/r1103-200,https://marlows-diamonds.co.uk/product-category/engagement-rings
https://marlows-diamonds.co.uk/r1104b2-130,https://marlows-diamonds.co.uk/product-category/engagement-rings
https://marlows-diamonds.co.uk/r1105b2-052,https://marlows-diamonds.co.uk/product-category/engagement-rings
https://marlows-diamonds.co.uk/r1107b2-160,https://marlows-diamonds.co.uk/product-category/engagement-rings
https://marlows-diamonds.co.uk/r1109-098,https://marlows-diamonds.co.uk/product-category/engagement-rings
https://marlows-diamonds.co.uk/r1110-110,https://marlows-diamonds.co.uk/product-category/engagement-rings
https://marlows-diamonds.co.uk/r1112b2-138,https://marlows-diamonds.co.uk/product-category/engagement-rings
https://marlows-diamonds.co.uk/r1113-065,https://marlows-diamonds.co.uk/product-category/engagement-rings
https://marlows-diamonds.co.uk/r1114-125,https://marlows-diamonds.co.uk/product-category/engagement-rings
https://marlows-diamonds.co.uk/r1115-114,https://marlows-diamonds.co.uk/product-category/engagement-rings
https://marlows-diamonds.co.uk/r1116-131,https://marlows-diamonds.co.uk/product-category/engagement-rings
https://marlows-diamonds.co.uk/r1117-155,https://marlows-diamonds.co.uk/product-category/engagement-rings
https://marlows-diamonds.co.uk/r1120b2-100,https://marlows-diamonds.co.uk/product-category/engagement-rings
https://marlows-diamonds.co.uk/r1121-100,https://marlows-diamonds.co.uk/product-category/engagement-rings
https://marlows-diamonds.co.uk/r1122b2-315,https://marlows-diamonds.co.uk/product-category/engagement-rings
https://marlows-diamonds.co.uk/r1130-100,https://marlows-diamonds.co.uk/product-category/engagement-rings
https://marlows-diamonds.co.uk/r1133,https://marlows-diamonds.co.uk/product-category/engagement-rings
https://marlows-diamonds.co.uk/r1142-053,https://marlows-diamonds.co.uk/product-category/engagement-rings
https://marlows-diamonds.co.uk/r1146,https://marlows-diamonds.co.uk/product-category/engagement-rings
https://marlows-diamonds.co.uk/r1146-025,https://marlows-diamonds.co.uk/product-category/engagement-rings
https://marlows-diamonds.co.uk/r1147-150,https://marlows-diamonds.co.uk/product-category/engagement-rings
https://marlows-diamonds.co.uk/r1219-150,https://marlows-diamonds.co.uk/product-category/engagement-rings
https://marlows-diamonds.co.uk/r1220-100,https://marlows-diamonds.co.uk/product-category/engagement-rings
https://marlows-diamonds.co.uk/r1220-100pk,https://marlows-diamonds.co.uk/product-category/engagement-rings
https://marlows-diamonds.co.uk/r1948-150,https://marlows-diamonds.co.uk/product-category/engagement-rings
https://marlows-diamonds.co.uk/r2001-0.55,https://marlows-diamonds.co.uk/product-category/engagement-rings
https://marlows-diamonds.co.uk/r2001-0.75,https://marlows-diamonds.co.uk/product-category/engagement-rings
https://marlows-diamonds.co.uk/r2002-0.75,https://marlows-diamonds.co.uk/product-category/engagement-rings
https://marlows-diamonds.co.uk/r2002-100,https://marlows-diamonds.co.uk/product-category/engagement-rings
https://marlows-diamonds.co.uk/r2003-0.28,https://marlows-diamonds.co.uk/product-category/engagement-rings
https://marlows-diamonds.co.uk/r2005-0.33,https://marlows-diamonds.co.uk/product-category/engagement-rings
https://marlows-diamonds.co.uk/r2007-0.56,https://marlows-diamonds.co.uk/product-category/engagement-rings
https://marlows-diamonds.co.uk/r2008-1.00,https://marlows-diamonds.co.uk/product-category/engagement-rings
https://marlows-diamonds.co.uk/r2010-6.5,https://marlows-diamonds.co.uk/product-category/engagement-rings
https://marlows-diamonds.co.uk/r2010-7.75,https://marlows-diamonds.co.uk/product-category/engagement-rings
https://marlows-diamonds.co.uk/r2011-0.50,https://marlows-diamonds.co.uk/product-category/engagement-rings
https://marlows-diamonds.co.uk/r2011-1.00,https://marlows-diamonds.co.uk/product-category/engagement-rings
https://marlows-diamonds.co.uk/r2012,https://marlows-diamonds.co.uk/product-category/engagement-rings
https://marlows-diamonds.co.uk/r2013-100,https://marlows-diamonds.co.uk/product-category/engagement-rings
https://marlows-diamonds.co.uk/r2016-135,https://marlows-diamonds.co.uk/product-category/engagement-rings
https://marlows-diamonds.co.uk/r2017-1.50,https://marlows-diamonds.co.uk/product-category/engagement-rings
https://marlows-diamonds.co.uk/r2019,https://marlows-diamonds.co.uk/product-category/engagement-rings
https://marlows-diamonds.co.uk/r2020-400,https://marlows-diamonds.co.uk/product-category/engagement-rings
https://marlows-diamonds.co.uk/r2021-125,https://marlows-diamonds.co.uk/product-category/engagement-rings
https://marlows-diamonds.co.uk/r2025-100,https://marlows-diamonds.co.uk/product-category/engagement-rings
https://marlows-diamonds.co.uk/r2026-150,https://marlows-diamonds.co.uk/product-category/engagement-rings
https://marlows-diamonds.co.uk/r2027-200,https://marlows-diamonds.co.uk/product-category/engagement-rings
https://marlows-diamonds.co.uk/r2038-220,https://marlows-diamonds.co.uk/product-category/engagement-rings
https://marlows-diamonds.co.uk/r2040-1.00,https://marlows-diamonds.co.uk/product-category/engagement-rings
https://marlows-diamonds.co.uk/r2041-100,https://marlows-diamonds.co.uk/product-category/engagement-rings
https://marlows-diamonds.co.uk/r3101,https://marlows-diamonds.co.uk/product-category/engagement-rings
https://marlows-diamonds.co.uk/r5002-100,https://marlows-diamonds.co.uk/product-category/engagement-rings
https://marlows-diamonds.co.uk/r5003-050,https://marlows-diamonds.co.uk/product-category/engagement-rings
https://marlows-diamonds.co.uk/r5011,https://marlows-diamonds.co.uk/product-category/engagement-rings
https://marlows-diamonds.co.uk/r5012,https://marlows-diamonds.co.uk/product-category/engagement-rings
https://marlows-diamonds.co.uk/r5020-125,https://marlows-diamonds.co.uk/product-category/engagement-rings
https://marlows-diamonds.co.uk/r5021-050,https://marlows-diamonds.co.uk/product-category/engagement-rings
https://marlows-diamonds.co.uk/r5034-0.50,https://marlows-diamonds.co.uk/product-category/engagement-rings
https://marlows-diamonds.co.uk/r5039-0.75,https://marlows-diamonds.co.uk/product-category/engagement-rings
https://marlows-diamonds.co.uk/r5040-0.75,https://marlows-diamonds.co.uk/product-category/engagement-rings
https://marlows-diamonds.co.uk/r5041-1.00,https://marlows-diamonds.co.uk/product-category/engagement-rings
https://marlows-diamonds.co.uk/rl1023-125,https://marlows-diamonds.co.uk/product-category/engagement-rings
https://marlows-diamonds.co.uk/rl1024-125,https://marlows-diamonds.co.uk/product-category/engagement-rings
https://marlows-diamonds.co.uk/rl1029-075,https://marlows-diamonds.co.uk/product-category/engagement-rings
https://marlows-diamonds.co.uk/rl1030-100,https://marlows-diamonds.co.uk/product-category/engagement-rings
https://marlows-diamonds.co.uk/rl1031-130,https://marlows-diamonds.co.uk/product-category/engagement-rings
https://marlows-diamonds.co.uk/rus1011-200,https://marlows-diamonds.co.uk/product-category/engagement-rings
https://marlows-diamonds.co.uk/rus1012-200,https://marlows-diamonds.co.uk/product-category/engagement-rings
https://marlows-diamonds.co.uk/rus1019-100,https://marlows-diamonds.co.uk/product-category/engagement-rings
https://marlows-diamonds.co.uk/rus1150-200,https://marlows-diamonds.co.uk/product-category/engagement-rings
https://marlows-diamonds.co.uk/rus2013,https://marlows-diamonds.co.uk/product-category/engagement-rings
https://marlows-diamonds.co.uk/rus2013-150,https://marlows-diamonds.co.uk/product-category/engagement-rings
https://marlows-diamonds.co.uk/rus2014-100,https://marlows-diamonds.co.uk/product-category/engagement-rings
https://marlows-diamonds.co.uk/rus2014-100p,https://marlows-diamonds.co.uk/product-category/engagement-rings
https://marlows-diamonds.co.uk/rus2015-100,https://marlows-diamonds.co.uk/product-category/engagement-rings
https://marlows-diamonds.co.uk/rus4001-100,https://marlows-diamonds.co.uk/product-category/engagement-rings
https://marlows-diamonds.co.uk/rus4002-050,https://marlows-diamonds.co.uk/product-category/engagement-rings
https://marlows-diamonds.co.uk/rus4003-100,https://marlows-diamonds.co.uk/product-category/engagement-rings
https://marlows-diamonds.co.uk/rus4004-100,https://marlows-diamonds.co.uk/product-category/engagement-rings
https://marlows-diamonds.co.uk/rus4005-150,https://marlows-diamonds.co.uk/product-category/engagement-rings
https://marlows-diamonds.co.uk/rus4007-100,https://marlows-diamonds.co.uk/product-category/engagement-rings
https://marlows-diamonds.co.uk/rus4009-200,https://marlows-diamonds.co.uk/product-category/engagement-rings
https://marlows-diamonds.co.uk/rus4010-100,https://marlows-diamonds.co.uk/product-category/engagement-rings
https://marlows-diamonds.co.uk/rus4013-075,https://marlows-diamonds.co.uk/product-category/engagement-rings
https://marlows-diamonds.co.uk/rus4014-075,https://marlows-diamonds.co.uk/product-category/engagement-rings
https://marlows-diamonds.co.uk/rus4014-150,https://marlows-diamonds.co.uk/product-category/engagement-rings
https://marlows-diamonds.co.uk/rus4015-200,https://marlows-diamonds.co.uk/product-category/engagement-rings
https://marlows-diamonds.co.uk/rus4016-200,https://marlows-diamonds.co.uk/product-category/engagement-rings
https://marlows-diamonds.co.uk/rus4020,https://marlows-diamonds.co.uk/product-category/engagement-rings
https://marlows-diamonds.co.uk/rus4022-050,https://marlows-diamonds.co.uk/product-category/engagement-rings
https://marlows-diamonds.co.uk/s1001-056,https://marlows-diamonds.co.uk/product-category/engagement-rings
https://marlows-diamonds.co.uk/s1011-028,https://marlows-diamonds.co.uk/product-category/engagement-rings
https://marlows-diamonds.co.uk/s1019-115,https://marlows-diamonds.co.uk/product-category/engagement-rings
https://marlows-diamonds.co.uk/s1029-115,https://marlows-diamonds.co.uk/product-category/engagement-rings
https://marlows-diamonds.co.uk/s1031-135,https://marlows-diamonds.co.uk/product-category/engagement-rings
https://marlows-diamonds.co.uk/s1045-125,https://marlows-diamonds.co.uk/product-category/engagement-rings
https://marlows-diamonds.co.uk/s1050-150,https://marlows-diamonds.co.uk/product-category/engagement-rings
https://marlows-diamonds.co.uk/s1052-100,https://marlows-diamonds.co.uk/product-category/engagement-rings
https://marlows-diamonds.co.uk/s1083b2200,https://marlows-diamonds.co.uk/product-category/engagement-rings
https://marlows-diamonds.co.uk/s2006-045,https://marlows-diamonds.co.uk/product-category/engagement-rings
https://marlows-diamonds.co.uk/s2008-100,https://marlows-diamonds.co.uk/product-category/engagement-rings
https://marlows-diamonds.co.uk/s2014-075,https://marlows-diamonds.co.uk/product-category/engagement-rings
https://marlows-diamonds.co.uk/s2020-175,https://marlows-diamonds.co.uk/product-category/engagement-rings
https://marlows-diamonds.co.uk/s2027-200,https://marlows-diamonds.co.uk/product-category/engagement-rings
https://marlows-diamonds.co.uk/s2117-175,https://marlows-diamonds.co.uk/product-category/engagement-rings
https://marlows-diamonds.co.uk/s2117-175fy,https://marlows-diamonds.co.uk/product-category/engagement-rings
https://marlows-diamonds.co.uk/s3005-105,https://marlows-diamonds.co.uk/product-category/engagement-rings
https://marlows-diamonds.co.uk/s3102-100,https://marlows-diamonds.co.uk/product-category/engagement-rings
https://marlows-diamonds.co.uk/s3105-100,https://marlows-diamonds.co.uk/product-category/engagement-rings
https://marlows-diamonds.co.uk/s5012-100,https://marlows-diamonds.co.uk/product-category/engagement-rings
https://marlows-diamonds.co.uk/s5020-125,https://marlows-diamonds.co.uk/product-category/engagement-rings
https://marlows-diamonds.co.uk/s5030-150,https://marlows-diamonds.co.uk/product-category/engagement-rings
https://marlows-diamonds.co.uk/s5031-075,https://marlows-diamonds.co.uk/product-category/engagement-rings
https://marlows-diamonds.co.uk/s5032,https://marlows-diamonds.co.uk/product-category/engagement-rings
https://marlows-diamonds.co.uk/s5033-050,https://marlows-diamonds.co.uk/product-category/engagement-rings
https://marlows-diamonds.co.uk/s5040,https://marlows-diamonds.co.uk/product-category/engagement-rings
https://marlows-diamonds.co.uk/six-claw-engagement-ring,https://marlows-diamonds.co.uk/product-category/engagement-rings
https://marlows-diamonds.co.uk/sl1020-200,https://marlows-diamonds.co.uk/product-category/engagement-rings
https://marlows-diamonds.co.uk/twist-engagement-ring,https://marlows-diamonds.co.uk/product-category/engagement-rings
https://marlows-diamonds.co.uk/vintage-engagement-rings,https://marlows-diamonds.co.uk/product-category/engagement-rings
https://marlows-diamonds.co.uk/wed001,https://marlows-diamonds.co.uk/product-category/engagement-rings
https://marlows-diamonds.co.uk/wed002,https://marlows-diamonds.co.uk/product-category/engagement-rings
https://marlows-diamonds.co.uk/wed003,https://marlows-diamonds.co.uk/product-category/engagement-rings
https://marlows-diamonds.co.uk/wed004,https://marlows-diamonds.co.uk/product-category/engagement-rings
https://marlows-diamonds.co.uk/wed005,https://marlows-diamonds.co.uk/product-category/engagement-rings
https://marlows-diamonds.co.uk/wed006,https://marlows-diamonds.co.uk/product-category/engagement-rings
https://marlows-diamonds.co.uk/wed007,https://marlows-diamonds.co.uk/product-category/engagement-rings
https://marlows-diamonds.co.uk/wed008,https://marlows-diamonds.co.uk/product-category/engagement-rings
https://marlows-diamonds.co.uk/wed009,https://marlows-diamonds.co.uk/product-category/engagement-rings
https://marlows-diamonds.co.uk/wed010,https://marlows-diamonds.co.uk/product-category/engagement-rings
https://marlows-diamonds.co.uk/wed011-f-g-vs-si,https://marlows-diamonds.co.uk/product-category/engagement-rings
https://marlows-diamonds.co.uk/wed012-f-g-vs-si,https://marlows-diamonds.co.uk/product-category/engagement-rings
https://marlows-diamonds.co.uk/wed013-f-g-vs-si,https://marlows-diamonds.co.uk/product-category/engagement-rings
https://marlows-diamonds.co.uk/wed014-f-g-vs-si,https://marlows-diamonds.co.uk/product-category/engagement-rings
https://marlows-diamonds.co.uk/wed015-f-g-vs-si,https://marlows-diamonds.co.uk/product-category/engagement-rings
https://marlows-diamonds.co.uk/wed016-f-g-vs-si,https://marlows-diamonds.co.uk/product-category/engagement-rings
https://marlows-diamonds.co.uk/wed017-f-g-vs-si,https://marlows-diamonds.co.uk/product-category/engagement-rings
https://marlows-diamonds.co.uk/wed018-f-g-vs-si,https://marlows-diamonds.co.uk/product-category/engagement-rings
https://marlows-diamonds.co.uk/wed019-f-g-vs-si,https://marlows-diamonds.co.uk/product-category/engagement-rings
https://marlows-diamonds.co.uk/wed020-f-g-vs-si,https://marlows-diamonds.co.uk/product-category/engagement-rings
https://marlows-diamonds.co.uk/wed021,https://marlows-diamonds.co.uk/product-category/engagement-rings
https://marlows-diamonds.co.uk/wed022,https://marlows-diamonds.co.uk/product-category/engagement-rings
https://marlows-diamonds.co.uk/wed023-f-g-vs-si,https://marlows-diamonds.co.uk/product-category/engagement-rings
https://marlows-diamonds.co.uk/wed024-f-g-vs-si,https://marlows-diamonds.co.uk/product-category/engagement-rings
https://marlows-diamonds.co.uk/wed025-f-g-vs-si,https://marlows-diamonds.co.uk/product-category/engagement-rings
https://marlows-diamonds.co.uk/wed026-f-g-vs-si,https://marlows-diamonds.co.uk/product-category/engagement-rings
https://marlows-diamonds.co.uk/wed027,https://marlows-diamonds.co.uk/product-category/engagement-rings
https://marlows-diamonds.co.uk/wed028,https://marlows-diamonds.co.uk/product-category/engagement-rings
https://marlows-diamonds.co.uk/wed029,https://marlows-diamonds.co.uk/product-category/engagement-rings
https://marlows-diamonds.co.uk/wed030,https://marlows-diamonds.co.uk/product-category/engagement-rings
https://marlows-diamonds.co.uk/woocarousel/engagement-rings,https://marlows-diamonds.co.uk/product-category/engagement-rings
